0.981107
0.324896
0.752369
0.237248
1.527340
0.451944
0.997175
0.177531
1.397875
0.227769
0.550103
0.865441
0.574726
0.678079
0.483977
0.314895
1.617744
0.726618
1.075649
0.372626
1.713982
0.972598
0.693709
0.991797
0.238599
0.663641
1.258721
0.160607
0.843955
0.722998
0.202631
0.650323
1.054624
0.401022
1.114457
0.503043
1.073860
0.397797
1.015366
0.214350
1.487152
0.703867
1.271547
0.166978
1.593135
0.575535
1.153727
0.010590
1.014413
0.395016
1.083319
0.173828
0.945325
0.925279
1.100849
0.644274
0.365760
0.909181
0.288774
0.837034
1.378705
0.783672
1.432691
0.499553
1.100444
0.184837
1.151293
0.174616
1.030186
0.165797
1.049595
0.461893
0.529286
0.681835
0.966103
0.286601
1.001713
0.307371
1.671460
0.811097
1.697427
0.461547
0.990763
0.660447
1.562303
0.176402
1.274611
0.232725
0.923929
0.165354
0.885385
0.869970
0.699570
0.934737
1.730098
0.457177
1.660491
0.179877
1.395212
0.381257
1.224228
0.266529
0.695209
0.097411
0.676580
0.661926
1.246618
0.212113
0.856086
0.623716
0.973575
0.379258
1.558752
0.730816
0.511534
0.845451
0.781714
0.368913
1.077558
0.071012
1.462029
0.872292
0.349240
0.680762
0.535731
0.667573
0.432201
0.758386
1.095170
0.939490
1.386218
0.071456
1.337289
0.136698
1.114403
0.533204
1.346145
0.079593
1.250256
0.179555
0.911960
0.845092
1.497438
0.835187
0.867358
0.505353
1.136428
0.964967
0.118843
0.964695
0.807275
0.559652
1.542640
0.455509
1.034665
0.114450
1.441735
0.914634
1.312841
0.876078
0.905930
0.349659
1.272867
0.540657
0.921643
0.899287
0.462189
0.975694
0.529387
0.299940
0.480658
0.962216
1.250783
0.924613
1.427361
0.592655
1.124436
0.235285
1.032881
0.115781
0.296362
0.398900
0.848601
0.191189
1.296925
0.069976
0.937712
0.420524
1.254179
0.216406
0.954889
0.686881
1.673541
0.468314
1.282204
0.681546
0.679610
0.263945
0.910173
0.645364
1.661603
0.132899
1.300956
0.131235
1.246201
0.192288
1.035870
0.372339
1.641988
0.916390
1.022684
0.478845
1.421171
0.097085
0.940373
0.394254
0.984943
0.995970
0.207781
0.861897
0.529031
0.023524
1.329216
0.539623
0.692528
0.234132
0.766926
0.685176
1.238028
0.865749
0.784713
0.797879
1.581004
0.187821
0.970772
0.846868
0.974295
0.027447
0.833324
0.771946
0.029162
0.164032
1.568264
0.809361
1.306577
0.828515
1.561505
0.138677
0.746740
0.590000
0.813086
0.737194
1.071900
0.517379
0.621036
0.076282
0.535718
0.431825
0.330707
0.189283
0.934093
0.877167
0.660036
0.573675
0.506019
0.405727
0.743465
0.198682
1.623622
0.481318
0.562985
0.594065
0.823804
0.315249
0.771609
0.608424
1.007922
0.034778
1.109889
0.230954
1.408809
0.562340
1.540623
0.280477
1.238877
0.926434
0.839893
0.783257
0.644896
0.004742
1.216205
0.996837
0.130373
0.291890
1.162912
0.443973
0.165838
0.784870
0.832682
0.626288
1.379864
0.726885
0.583364
0.263843
0.877233
0.433078
1.311666
0.337056
1.090477
0.580702
0.176466
0.513797
0.329656
0.250440
1.240742
0.042741
1.199076
0.337691
0.881301
0.122283
1.425479
0.100103
1.422436
0.732377
0.379185
0.548407
0.399959
0.529210
1.140520
0.167068
0.866187
0.916040
1.233166
0.588500
1.566046
0.147619
0.513867
0.477250
0.894509
0.698228
0.769341
0.968883
0.806931
0.229207
0.674018
0.394593
0.916717
0.019948
1.172811
0.844723
1.311573
0.145008
0.862322
0.836796
1.366909
0.675934
1.426474
0.215055
0.587171
0.760204
0.995334
0.354772
0.840150
0.032141
1.860032
0.449419
1.463633
0.887774
0.941255
0.034216
0.969743
0.403163
0.973185
0.131746
0.954430
0.918528
0.320047
0.349639
1.029801
0.541969
1.250031
0.933589
1.407177
0.237119
0.817268
0.851070
1.235719
0.846776
1.850975
0.834327
1.623328
0.837949
0.213743
0.429396
1.540732
0.305366
1.201707
0.955860
0.253296
0.351067
0.666451
0.411775
0.714922
0.782251
0.853653
0.263754
0.471136
0.024768
0.743454
0.069765
0.800660
0.686668
1.256613
0.936849
1.123423
0.280651
1.182480
0.745620
1.478848
0.275246
0.683450
0.295599
0.961070
0.909472
1.753767
0.788651
0.829687
0.588341
0.643037
0.642855
1.736612
0.253175
1.614727
0.249583
1.051495
0.754961
0.114391
0.184997
0.465396
0.634528
0.496884
0.345518
1.832358
0.396525
0.498429
0.969700
1.185760
0.575314
1.046566
0.145728
1.250417
0.419448
1.555695
0.118092
1.451532
0.467636
0.988952
0.200691
1.344229
0.090642
0.696938
0.478217
0.336748
0.178300
1.202457
0.253219
0.897383
0.641715
1.036918
0.498144
1.478205
0.748643
1.728267
0.762520
1.399712
0.732008
1.123729
0.782627
1.224684
0.701605
1.239778
0.370343
0.639548
0.685637
0.955645
0.880627
0.778830
0.972513
1.313636
0.454440
0.774644
0.308298
0.487598
0.698420
0.451877
0.802616
0.527807
0.846478
0.717132
0.886941
1.483464
0.241170
0.610521
0.793951
1.197108
0.100593
0.843730
0.038612
1.236848
0.491942
0.431614
0.888475
1.202470
0.474243
0.628252
0.609414
0.979337
0.848421
0.706640
0.501031
1.492387
0.549897
0.599024
0.157114
0.974596
0.062000
1.894088
0.954501
1.114172
0.063664
1.463007
0.935459
1.307543
0.444272
1.371555
0.600914
0.697738
0.642617
1.539050
0.067773
0.578559
0.527456
0.562205
0.803530
1.777895
0.718170
1.193901
0.619312
0.501094
0.651863
0.261664
0.180778
1.226984
0.113255
0.804154
0.207769
1.046027
0.464311
0.485024
0.156724
1.009930
0.828515
0.976351
0.739241
0.902514
0.829797
0.654457
0.076110
1.023336
0.190379
0.768542
0.529008
1.126693
0.072245
0.490130
0.478440
0.410818
0.071504
1.565526
0.598421
0.630067
0.786489
1.301393
0.893201
0.135544
0.729861
0.740598
0.103553
0.427988
0.965657
0.848864
0.909547
1.732103
0.141017
1.531234
0.772025
0.726171
0.839373
1.153686
0.879216
1.425231
0.895434
1.866935
0.912983
1.053426
0.633487
0.865772
0.088183
0.753286
0.579623
1.320287
0.309524
1.059059
0.742747
1.503433
0.804351
0.930825
0.995507
1.607263
0.219123
1.639741
0.453112
0.936940
0.183658
1.533776
0.235611
0.660064
0.875430
1.312208
0.356367
0.400857
0.273127
1.129137
0.570166
0.966412
0.432834
1.527845
0.074123
0.685022
0.957274
0.213947
0.936870
1.550320
0.161083
0.947927
0.007554
0.958849
0.141795
1.261275
0.097946
1.032030
0.690693
1.181543
0.180691
0.160562
0.041704
1.309424
0.179650
1.131607
0.500921
1.366659
0.891967
0.822918
0.075022
0.918691
0.064910
1.459352
0.390119
1.091229
0.964444
0.714923
0.586674
1.751045
0.108496
0.716475
0.996946
1.006805
0.501592
1.499289
0.245519
1.060012
0.915369
0.371520
0.573809
1.414551
0.129467
1.260540
0.624700
1.215661
0.304715
0.644273
0.554763
0.246929
0.367553
1.246043
0.781645
1.620515
0.835886
0.412196
0.575985
1.653399
0.463874
0.510167
0.021466
1.147951
0.493580
0.676185
0.624888
1.097141
0.931661
1.318820
0.120223
1.366428
0.518551
0.460340
0.291620
1.555482
0.806097
1.671631
0.125639
0.772963
0.830220
1.122670
0.599999
0.979210
0.509931
0.875121
0.582080
0.686894
0.068107
0.554893
0.265819
0.187136
0.216736
1.241854
0.625126
1.416939
0.834809
1.345262
0.401417
1.877817
0.411067
1.534649
0.866722
1.028606
0.079834
0.640208
0.284099
0.918403
0.369063
1.837398
0.370271
0.654615
0.433958
1.475264
0.717992
0.875782
0.817794
0.806721
0.415992
1.115170
0.504927
1.630504
0.323675
0.982598
0.576094
1.633293
0.937872
0.523276
0.496451
0.421649
0.397692
0.558988
0.242155
1.558148
0.681691
0.340591
0.433245
1.732562
0.254498
1.280250
0.398573
1.113403
0.273047
1.477774
0.719738
1.101372
0.869411
0.444482
0.793152
1.244556
0.752262
0.846967
0.919138
1.116062
0.902607
0.305408
0.528668
1.439340
0.709590
1.000542
0.261382
0.677551
0.882598
0.918108
0.112591
1.015446
0.935758
0.905256
0.449155
0.380293
0.384870
1.566479
0.813945
1.238789
0.636466
1.850712
0.841621
0.752860
0.379297
0.891858
0.283070
0.575570
0.362614
0.885493
0.399888
0.948289
0.135015
1.647256
0.107039
1.216000
0.700016
1.182991
0.924981
0.570136
0.940992
1.020229
0.216390
1.021894
0.560010
1.350672
0.618870
1.498541
0.370777
1.180660
0.856503
0.777840
0.600698
0.623837
0.532667
1.303617
0.029843
0.943954
0.779033
1.164279
0.657226
0.575038
0.770314
0.171071
0.486552
0.961962
0.908164
1.408437
0.702900
0.270108
0.361748
1.100817
0.490624
0.907480
0.547559
0.813485
0.679070
0.930266
0.951240
1.028267
0.243686
0.932697
0.049609
1.413221
0.678154
1.027978
0.559753
0.481871
0.104248
0.971841
0.532378
1.068041
0.836374
1.448447
0.848335
0.317427
0.460691
0.754171
0.686674
0.627636
0.599837
0.564321
0.948185
0.262401
0.905541
1.142159
0.458735
0.944477
0.898305
0.829362
0.561511
0.860863
0.314380
0.533555
0.987116
0.952835
0.046195
1.740924
0.606835
0.559189
0.486514
1.895545
0.311883
0.450546
0.909866
1.428205
0.631208
1.439167
0.878021
1.811778
0.821392
1.319678
0.083133
1.551934
0.155148
0.844007
0.659830
1.558624
0.752305
0.844072
0.150349
0.915105
0.934217
1.539382
0.653211
1.151979
0.986306
0.411629
0.328103
1.242658
0.112934
0.897677
0.114393
1.611176
0.539092
1.218310
0.065106
1.470320
0.289548
1.754321
0.871924
1.275592
0.618406
1.874179
0.963707
0.506401
0.648829
1.612628
0.266495
1.435507
0.520261
1.080395
0.821209
0.695448
0.164164
0.089603
0.885193
1.397918
0.230428
0.644243
0.509064
0.428670
0.434540
1.622151
0.714066
0.740950
0.709825
1.350729
0.967673
0.773628
0.800640
0.853758
0.166183
0.586043
0.884231
0.984041
0.519409
1.505138
0.981705
1.350756
0.023339
1.663263
0.163257
0.395128
0.154179
1.217586
0.601297
1.408132
0.492935
0.541256
0.469624
1.759494
0.616359
1.541046
0.793953
1.111128
0.759574
1.473287
0.973727
0.181667
0.720645
0.404668
0.747218
0.329574
0.553462
0.640405
0.008348
0.636827
0.709428
0.726153
0.553069
0.633317
0.740541
0.949741
0.685787
1.248607
0.605760
1.081353
0.648279
0.794872
0.071308
0.304485
0.598228
1.012020
0.192050
1.556157
0.443742
0.242045
0.002844
1.587181
0.582469
0.283293
0.665626
0.855113
0.641233
1.228188
0.344788
1.735214
0.977423
0.420145
0.423697
1.782032
0.193422
0.247988
0.265590
1.732956
0.690997
0.392913
0.803397
1.115159
0.711837
0.213796
0.926650
1.903714
0.445931
0.943176
0.312022
1.242512
0.960494
0.927794
0.739062
0.504203
0.566566
1.156646
0.687931
1.214360
0.643387
1.026430
0.921134
0.841176
0.706344
0.255059
0.535797
1.020101
0.762551
1.223989
0.812125
1.310364
0.906953
1.343538
0.175567
1.813606
0.535011
0.845137
0.907076
1.436630
0.410761
1.578345
0.033665
1.239066
0.381114
0.491069
0.961746
1.440630
0.947858
0.587008
0.883832
1.361222
0.909278
1.691342
0.194475
1.035012
0.758099
1.343560
0.217156
1.186251
0.159872
0.913128
0.115312
1.053487
0.684026
0.754453
0.912135
1.808114
0.460347
1.292590
0.559884
0.578042
0.129103
0.456007
0.806500
1.910902
0.583537
0.786840
0.099481
1.545527
0.532207
0.795707
0.077589
0.803691
0.199754
0.952396
0.971065
0.177789
0.264672
0.517600
0.885096
0.506179
0.126997
0.393962
0.203843
0.746036
0.878117
1.136098
0.699419
1.392815
0.349669
0.979544
0.139219
0.824793
0.923800
1.283960
0.258286
0.662813
0.638145
1.453750
0.374515
0.830670
0.983101
0.890857
0.204576
1.135936
0.388382
1.402579
0.976933
1.832225
0.163209
1.131123
0.919166
1.364089
0.432172
1.205986
0.040288
0.082708
0.735767
1.646251
0.969638
0.852608
0.528101
1.390655
0.665446
1.234421
0.223669
0.392984
0.102553
1.234871
0.475467
0.857168
0.076782
1.351693
0.668389
1.390919
0.532651
1.056799
0.617046
0.848277
0.698781
1.033597
0.086946
0.254785
0.418224
1.617916
0.864876
1.351104
0.466369
0.888964
0.193642
1.499079
0.754578
1.158669
0.650501
1.003398
0.324382
0.683061
0.126558
1.145611
0.102449
1.405797
0.390691
1.766041
0.796510
1.981969
0.170286
1.641309
0.533435
0.480422
0.856321
0.713922
0.715864
1.434455
0.141968
0.631621
0.517915
1.120346
0.673597
1.235771
0.783910
1.414454
0.522084
0.934577
0.680195
0.775970
0.126147
1.559231
0.577623
1.404025
0.502113
0.984035
0.897316
1.499546
0.296471
0.121401
0.451779
1.008440
0.677983
0.387559
0.089181
1.110021
0.041508
0.676470
0.921165
0.761999
0.813411
1.154033
0.478477
1.056589
0.066237
1.373346
0.823939
0.993801
0.803542
1.752821
0.790097
0.939655
0.366705
0.738605
0.907162
1.431722
0.092185
1.001964
0.526393
0.938241
0.035602
0.970187
0.090847
1.255851
0.123786
1.700995
0.976353
1.088546
0.060552
1.598643
0.985679
0.766152
0.496531
0.671451
0.832531
1.483688
0.195079
1.013599
0.328727
0.632828
0.310697
0.653446
0.862588
1.553248
0.308107
1.184639
0.603114
0.471294
0.698731
0.653831
0.014314
0.608786
0.464326
1.288371
0.216203
0.772466
0.643059
1.319596
0.723847
0.460740
0.705094
0.633947
0.898782
1.005365
0.717564
0.860653
0.268547
1.674144
0.655235
1.397364
0.112221
1.153617
0.383456
0.368230
0.656344
0.500694
0.009354
1.577781
0.162384
1.385597
0.607920
1.488293
0.162592
1.427167
0.989686
0.791172
0.906759
1.147401
0.299889
1.353750
0.807827
1.134851
0.001769
0.889471
0.064813
0.716835
0.865390
0.577181
0.209025
1.044520
0.293805
0.501182
0.622676
1.413343
0.275919
0.962543
0.425070
1.327766
0.183783
0.839589
0.857210
1.643929
0.291023
1.250629
0.629069
1.621634
0.131463
0.877577
0.157183
1.109805
0.502513
1.444430
0.751968
1.290173
0.044018
1.085575
0.580509
1.495360
0.576206
0.576855
0.970799
0.230412
0.069717
1.083300
0.865806
1.028320
0.088604
1.136473
0.594623
1.414963
0.595738
0.716116
0.066346
0.690331
0.538105
1.356732
0.489698
1.170580
0.227566
0.879686
0.000669
0.550963
0.623164
1.147631
0.407915
0.860080
0.666835
0.913082
0.559992
0.473832
0.647038
0.743737
0.199540
1.123256
0.685733
1.206880
0.928780
1.327619
0.739761
0.917407
0.411685
0.229849
0.022454
1.394148
0.558908
0.886489
0.410998
0.953219
0.505713
0.229089
0.521296
1.327924
0.540290
0.282071
0.359042
1.198454
0.397908
1.269611
0.910285
0.472001
0.848386
0.934523
0.970898
1.346532
0.056651
1.246003
0.465687
0.033999
0.199428
0.844499
0.801792
0.528899
0.292811
0.823158
0.839397
1.360072
0.306224
1.224289
0.365246
1.175629
0.724654
1.190185
0.967694
0.363441
0.057907
1.585291
0.196102
0.548311
0.233238
0.764643
0.302332
1.368974
0.711724
0.962647
0.524675
0.748197
0.061198
0.468562
0.526576
0.780495
0.118337
0.758619
0.976397
1.012986
0.183039
0.767641
0.859657
0.665307
0.750274
0.923300
0.619012
1.204489
0.645928
0.881605
0.599940
1.475263
0.826720
0.835832
0.704745
0.900535
0.331428
0.564241
0.337708
0.850449
0.446685
0.428629
0.558035
0.949870
0.851161
0.827569
0.360122
0.356221
0.334619
1.029322
0.038163
1.296740
0.297729
1.196115
0.767386
0.937491
0.733960
0.571764
0.973563
1.320682
0.480684
1.116632
0.005878
0.368146
0.647299
1.065324
0.020315
0.373098
0.607314
1.328182
0.938873
1.261605
0.763254
1.701646
0.894216
0.936441
0.333213
0.554797
0.282571
1.609459
0.260961
0.896609
0.366460
1.573095
0.286116
0.573463
0.229707
1.890785
0.805784
1.429778
0.323440
0.731552
0.128686
1.407001
0.533960
1.136049
0.734782
0.177438
0.626846
0.987977
0.228322
0.595982
0.360732
0.617506
0.898429
1.088384
0.472088
1.479296
0.232021
0.778012
0.549597
0.845281
0.309619
1.322086
0.312617
1.390368
0.884123
1.243824
0.023157
1.332956
0.630728
0.246270
0.219301
1.154910
0.896242
0.663142
0.068779
1.108617
0.415303
1.042784
0.576474
0.729457
0.151673
0.880281
0.717789
0.444932
0.394707
1.065340
0.261847
0.223419
0.870540
1.543248
0.060836
0.793856
0.449987
0.230520
0.796872
1.435602
0.740749
0.581914
0.309329
1.511090
0.459662
1.039554
0.413305
1.163444
0.666006
0.950006
0.817676
0.470644
0.173461
1.264457
0.879961
1.539589
0.973687
0.362263
0.262046
1.708761
0.144686
1.001210
0.688470
1.196314
0.806346
0.705341
0.605881
1.671027
0.691341
1.320977
0.966988
1.132686
0.710809
1.196546
0.157560
0.996810
0.515839
1.064548
0.460600
0.825732
0.767076
1.263924
0.924406
0.768046
0.968460
1.122497
0.570529
1.157460
0.650319
1.062072
0.310556
0.936521
0.086539
0.577843
0.672439
1.253598
0.229597
0.966474
0.487703
1.225912
0.866745
0.828885
0.335858
1.704788
0.367548
1.472160
0.921561
0.512599
0.874545
1.102221
0.124695
1.340790
0.074372
1.070369
0.763740
0.648723
0.234841
0.638458
0.677583
0.602006
0.759175
1.403970
0.255113
0.818493
0.762938
1.564274
0.613394
0.929691
0.462108
0.475689
0.028262
1.119437
0.677928
1.189313
0.710463
0.870278
0.741611
1.147098
0.351608
0.240927
0.083282
0.698855
0.466162
1.312713
0.994322
0.176703
0.902363
0.865980
0.934543
1.580807
0.510171
0.366425
0.460316
1.060430
0.104226
1.113979
0.177910
1.528258
0.172752
0.739416
0.902914
0.994936
0.736910
1.057021
0.594840
0.421469
0.657812
0.474920
0.696119
1.730398
0.980184
1.145949
0.785171
1.760089
0.140670
0.168580
0.100967
1.686737
0.790004
0.894173
0.555798
0.703464
0.256890
1.284748
0.451943
1.185483
0.118313
1.493705
0.613251
1.615327
0.766895
1.665365
0.301059
0.796802
0.880792
0.912498
0.040857
0.947947
0.812407
0.515106
0.243729
1.058519
0.745322
0.624099
0.679086
0.558474
0.113336
0.728238
0.556360
0.942610
0.234651
1.149250
0.947126
1.332787
0.505882
0.773494
0.828122
0.685098
0.007058
1.618160
0.504112
0.749573
0.954505
0.542708
0.465550
1.648218
0.518666
1.441501
0.345703
1.076911
0.372972
0.802291
0.969568
1.751164
0.090030
1.256913
0.751063
0.917159
0.240863
0.922847
0.780735
0.706016
0.986209
1.097106
0.931285
0.487755
0.239728
0.714647
0.497545
0.773497
0.986443
0.919223
0.643587
1.327524
0.636742
1.008341
0.823956
1.527043
0.379802
0.453165
0.472591
1.327663
0.110270
1.529430
0.400584
0.582416
0.956230
0.724349
0.770416
0.891426
0.227111
0.875702
0.072612
1.313647
0.023584
1.259677
0.328887
0.647651
0.499540
0.947095
0.237647
0.481027
0.619469
1.183579
0.979287
1.003441
0.353095
0.683174
0.163189
1.064895
0.122010
1.133845
0.020468
1.410062
0.021553
0.679333
0.179386
1.251931
0.118965
0.286992
0.524734
1.182481
0.607458
1.074184
0.680817
1.760248
0.823282
1.097474
0.531812
0.917124
0.080801
1.072752
0.491175
0.669181
0.512414
0.745541
0.233561
1.755997
0.575162
0.867646
0.400173
0.282261
0.209457
0.808474
0.456307
0.831742
0.214856
1.503325
0.372842
1.201427
0.104115
1.260081
0.037609
0.791467
0.055896
1.324820
0.359450
1.248431
0.240087
1.006569
0.177693
0.626050
0.712010
0.183433
0.887131
1.961355
0.439316
0.805848
0.729895
0.875487
0.297982
0.899292
0.886004
0.352429
0.668114
1.668291
0.141325
1.091691
0.086781
1.912099
0.751688
1.156162
0.800809
1.198632
0.801700
0.416176
0.716071
1.359189
0.479739
0.876018
0.519966
1.654951
0.606635
1.208041
0.568953
0.987968
0.361109
0.673563
0.926566
1.420887
0.937198
1.481217
0.567470
0.302553
0.568514
0.283542
0.534159
0.890566
0.420738
1.823900
0.717211
0.388652
0.134021
0.300825
0.001550
1.727602
0.941974
1.101461
0.201864
1.327030
0.830871
1.223888
0.940435
0.866997
0.873027
0.941101
0.841570
1.644149
0.483172
0.520901
0.841654
1.207098
0.441834
0.936769
0.862848
1.107794
0.601437
0.600621
0.881562
1.657634
0.904607
1.091004
0.915103
1.120044
0.922180
1.646832
0.582979
0.572275
0.321955
0.853313
0.690257
1.170217
0.355517
1.070646
0.501845
1.398120
0.990520
1.058253
0.349880
0.575959
0.632346
0.251218
0.493364
1.055457
0.423889
0.114269
0.991232
0.752591
0.815916
0.901589
0.976020
1.690753
0.911992
1.134035
0.751241
0.917517
0.362960
1.455235
0.153180
1.248713
0.747696
1.430145
0.550411
0.452005
0.336466
0.996573
0.245004
0.436023
0.285141
0.455249
0.327254
1.110182
0.522623
1.222342
0.857927
0.858496
0.889948
0.784911
0.041146
1.184297
0.099739
1.034841
0.899070
0.685950
0.120317
0.668164
0.873405
0.533813
0.659440
0.589198
0.902506
0.915445
0.268792
0.542751
0.897775
1.685063
0.530269
0.771596
0.346774
1.080642
0.764602
1.552669
0.474704
0.168179
0.736771
1.290787
0.430570
1.131094
0.242045
0.149121
0.704042
0.371644
0.074500
1.084925
0.323584
0.976552
0.111345
1.312243
0.855474
1.312437
0.866096
0.528187
0.146205
1.384279
0.327795
0.559907
0.702182
1.042830
0.144992
0.666532
0.206999
0.875106
0.889348
1.649215
0.043185
1.246347
0.996290
0.348442
0.231839
1.090380
0.207306
1.500958
0.724218
1.555379
0.787417
1.332202
0.970447
1.172555
0.177504
0.825306
0.841739
0.967998
0.510272
1.722635
0.537891
1.046941
0.570086
0.948988
0.750834
0.701765
0.224978
0.728092
0.395848
0.628572
0.062580
1.698361
0.601521
0.854142
0.259926
1.651721
0.234143
1.347243
0.048864
0.898231
0.538550
1.101477
0.763348
1.118149
0.716044
1.511173
0.674010
0.958475
0.450600
1.097850
0.148166
0.890652
0.396876
0.632277
0.249054
1.033042
0.547119
0.861599
0.454003
0.639709
0.524258
1.146939
0.728800
0.653200
0.056906
1.094998
0.102351
1.086607
0.449626
1.643646
0.058990
1.092394
0.773789
1.144367
0.547504
0.469601
0.588448
0.587280
0.978122
0.531678
0.604954
0.947406
0.784845
0.441003
0.601400
1.593542
0.341900
0.382188
0.456855
0.347840
0.569311
0.233882
0.087827
0.540957
0.089984
0.795915
0.358233
0.545321
0.168559
1.147508
0.760272
0.532521
0.730137
0.404853
0.879922
0.640585
0.302659
0.997479
0.613627
1.160045
0.053660
0.810441
0.898490
0.622020
0.409565
1.006845
0.243220
1.245366
0.964206
1.004479
0.051209
0.647231
0.619176
0.977157
0.982357
0.972429
0.758202
1.104602
0.135751
1.269056
0.935401
0.893773
0.828107
0.944293
0.477028
1.164680
0.664031
1.165313
0.830160
1.328526
0.827250
1.433985
0.787382
1.165276
0.299325
0.703174
0.526633
0.768087
0.170761
0.794843
0.877656
0.717713
0.713300
1.368354
0.684593
0.867820
0.793325
0.678002
0.500955
1.304120
0.305321
0.866960
0.155889
0.513344
0.013678
1.865772
0.117245
1.263567
0.208597
1.267195
0.598819
0.797176
0.934494
1.408300
0.841765
0.382814
0.448979
1.583909
0.719086
1.664283
0.499484
1.240828
0.056421
0.712293
0.315035
1.072061
0.551264
0.791755
0.065567
1.828538
0.755539
0.258936
0.427669
0.956142
0.199193
1.578197
0.646861
1.018690
0.560738
1.844073
0.583964
0.924854
0.689747
1.376300
0.374471
0.792657
0.699127
0.461325
0.750522
1.223266
0.884821
1.180075
0.656688
0.452391
0.726483
0.403646
0.329772
0.465194
0.978448
1.127753
0.608853
0.790910
0.154544
1.339842
0.961374
1.700976
0.861397
0.895962
0.466975
0.928971
0.816106
0.649783
0.711535
0.855380
0.016242
0.667997
0.377710
1.465329
0.343289
0.741983
0.076179
1.088434
0.795276
0.717913
0.141576
1.413391
0.019884
0.834978
0.909197
1.346842
0.209185
1.137430
0.990136
0.452574
0.851462
1.565729
0.848569
1.509061
0.317681
1.365353
0.512051
0.948874
0.321421
0.493973
0.789453
1.154696
0.149062
0.724731
0.190203
0.514288
0.261150
1.079025
0.899658
0.970903
0.155400
1.344047
0.021466
0.542274
0.614032
0.976991
0.147498
0.698682
0.436157
1.062117
0.692338
1.621512
0.019092
0.981957
0.471851
0.763339
0.476432
0.792599
0.906219
1.361036
0.956828
1.028062
0.143855
0.980898
0.313514
0.212223
0.745023
1.723454
0.511725
1.666440
0.839319
0.926576
0.631637
1.351503
0.399615
0.414549
0.068724
0.673349
0.307699
1.413804
0.698299
1.070387
0.873357
0.592520
0.608951
0.816927
0.709255
1.104911
0.885011
1.163372
0.232101
0.941895
0.918693
0.739797
0.963495
1.509400
0.304958
0.283432
0.061074
1.233421
0.202857
1.030406
0.911538
1.049552
0.459982
0.773258
0.068602
1.980205
0.824083
1.001266
0.812310
0.566640
0.535963
0.892619
0.867045
0.336964
0.791034
1.684586
0.267669
1.226771
0.366768
0.855105
0.302538
0.549287
0.918959
1.645467
0.697647
1.082147
0.918061
1.615752
0.003099
1.649140
0.483063
1.247435
0.072041
0.917192
0.576118
1.752836
0.310763
0.234998
0.933200
1.591837
0.283046
1.065563
0.953646
1.942956
0.792811
1.026751
0.678243
0.776890
0.243404
1.008616
0.403107
1.412048
0.360118
1.236909
0.622930
1.830141
0.714109
0.774836
0.483726
0.901037
0.934514
1.165169
0.622956
1.229402
0.084006
1.172996
0.615408
1.176509
0.087516
0.979290
0.049156
1.379686
0.981632
0.896377
0.816797
1.493207
0.430894
0.417919
0.873325
1.877542
0.279245
1.339097
0.990154
0.947849
0.790002
1.627274
0.332033
0.916088
0.128041
1.723862
0.088960
1.216004
0.815227
1.262256
0.787329
0.712458
0.100008
1.051389
0.735755
0.693589
0.970430
0.667379
0.360484
1.104654
0.000781
0.523105
0.916072
1.340894
0.189733
1.396913
0.677215
0.820859
0.156062
1.759201
0.836271
1.224276
0.991162
0.460811
0.749830
1.590782
0.120446
0.876870
0.403050
1.360600
0.633247
0.880307
0.253402
0.497148
0.618347
0.755899
0.990283
1.242765
0.501347
0.584268
0.095779
0.218012
0.446798
1.102592
0.292086
1.367965
0.208229
0.697426
0.625959
1.115401
0.278548
0.967756
0.891232
0.642855
0.330729
1.070263
0.756630
0.846162
0.487681
0.833044
0.916037
0.829365
0.508385
0.720240
0.264375
0.921573
0.629366
1.332352
0.037820
1.281726
0.645397
1.197084
0.202474
1.295610
0.333266
0.719224
0.154641
1.036594
0.115916
1.177662
0.416454
0.969034
0.253597
0.857836
0.796997
1.102360
0.036527
1.083422
0.892812
1.155233
0.108611
0.738633
0.574097
1.616292
0.808412
0.295170
0.899672
0.423956
0.728484
0.970167
0.316701
1.321103
0.559674
1.044714
0.262175
1.049350
0.920458
1.128593
0.002893
0.995873
0.283967
0.219810
0.248389
1.313782
0.143963
0.963019
0.886246
1.259811
0.282528
1.443109
0.927502
1.763449
0.730915
1.076323
0.109845
0.938925
0.781955
0.607795
0.888141
0.039322
0.695954
1.074967
0.979804
0.290451
0.712778
1.447315
0.503495
0.722649
0.272052
1.350114
0.357838
0.915502
0.094613
1.152892
0.267519
0.978331
0.686928
1.212404
0.814286
1.456127
0.500316
0.171154
0.458623
0.968895
0.486338
0.956747
0.719767
1.798350
0.241438
1.306093
0.331463
0.490820
0.319622
0.819030
0.591892
0.753178
0.350286
0.904927
0.483897
1.509818
0.540676
1.074854
0.540433
0.856695
0.952488
0.574779
0.683954
0.305917
0.781359
0.510733
0.601652
1.417395
0.626767
0.871510
0.895715
0.517290
0.952582
1.189850
0.693690
0.921064
0.643618
1.257700
0.328973
0.441479
0.219934
1.305167
0.267084
1.667374
0.510517
0.410747
0.834797
1.630002
0.980724
0.954808
0.311117
1.275326
0.120996
0.732275
0.483188
1.263421
0.082085
0.873876
0.992921
0.746459
0.832597
1.577064
0.332951
0.768448
0.291751
1.590955
0.290449
0.969046
0.559397
0.903997
0.453363
1.281154
0.465594
1.343133
0.568641
1.363191
0.375176
0.776758
0.623915
0.937466
0.258574
1.067556
0.318567
1.838431
0.916043
1.289955
0.243593
1.614042
0.936665
0.673007
0.917113
1.198833
0.001276
0.625606
0.498582
1.298013
0.032103
0.656849
0.135525
0.280202
0.088527
0.753094
0.815435
0.793405
0.115305
0.289824
0.338661
0.664643
0.139127
1.602838
0.347336
0.774304
0.565377
1.431011
0.967690
0.808686
0.107924
1.311693
0.499276
1.290039
0.638647
1.624306
0.096815
0.553187
0.296825
1.517812
0.788360
0.377338
0.969558
0.991886
0.712452
1.813840
0.980554
1.223565
0.811440
0.544498
0.352057
0.876267
0.713114
0.694753
0.027014
1.469475
0.826978
0.965647
0.431412
0.877648
0.030858
0.975652
0.109047
1.411730
0.127166
0.849796
0.327064
0.968273
0.542608
0.619739
0.171372
1.383346
0.381920
1.608218
0.777856
1.765909
0.255919
1.185092
0.629409
1.042027
0.897024
0.459886
0.453993
1.260868
0.776801
1.514396
0.018603
1.347046
0.505325
0.497035
0.270081
0.617894
0.092485
1.612859
0.223390
0.598883
0.832442
0.630937
0.878160
0.937998
0.923153
1.544890
0.800478
0.648080
0.291068
1.150132
0.727182
0.906816
0.592898
1.357849
0.154530
1.923674
0.734297
0.885864
0.889973
1.080544
0.405703
0.961062
0.420212
1.223264
0.653291
0.652903
0.781843
0.574881
0.337692
0.683250
0.761731
0.975222
0.408934
0.407392
0.309045
0.826781
0.246457
1.587598
0.964073
0.995313
0.533878
1.313558
0.009958
1.038111
0.939679
1.541282
0.009220
0.615592
0.071667
1.097773
0.681826
1.023743
0.696008
1.255033
0.449301
1.260623
0.623281
0.932138
0.473259
1.393826
0.870850
0.994418
0.139826
0.509718
0.617707
0.891738
0.844380
0.768205
0.704053
0.353823
0.795670
0.555483
0.753195
0.278643
0.424793
0.935035
0.853838
1.169377
0.065524
0.888389
0.489224
1.316369
0.485027
1.063073
0.033349
1.171454
0.552375
0.553539
0.914399
0.871216
0.333236
0.821910
0.925155
1.171417
0.284486
1.447621
0.183258
0.775600
0.867257
1.757972
0.055769
1.337769
0.678768
1.506881
0.277753
1.543348
0.617153
1.340371
0.377743
1.195215
0.364698
0.983895
0.863572
0.947070
0.524561
1.211764
0.273408
1.140649
0.338653
1.161749
0.547924
0.392473
0.044896
1.130023
0.004261
0.453827
0.447267
1.227755
0.064060
0.630288
0.206765
0.649124
0.034161
0.805163
0.459611
0.996755
0.455394
0.672903
0.242074
1.169264
0.120368
1.182930
0.528604
1.471138
0.665368
1.053418
0.593243
0.979711
0.707659
0.167488
0.762348
0.392547
0.206052
1.166159
0.227415
1.042244
0.648758
1.092779
0.841968
1.277362
0.714033
0.686745
0.301546
0.943885
0.516432
0.455255
0.924335
0.626910
0.698698
1.504626
0.855517
0.778170
0.582733
1.106337
0.983203
1.629271
0.402974
0.709031
0.043281
1.273438
0.874088
1.636916
0.241480
1.868988
0.549571
1.271377
0.780300
1.272396
0.329495
1.100430
0.042664
0.455571
0.031274
0.224713
0.953635
1.461991
0.754082
1.621708
0.807778
1.293088
0.062280
1.605017
0.942212
0.477320
0.262800
0.889869
0.713114
1.495489
0.608782
1.381359
0.765141
0.909363
0.925973
1.248536
0.571241
0.724622
0.252552
0.670866
0.525336
1.254607
0.675060
0.481775
0.645213
0.386556
0.745961
1.327513
0.404716
0.361014
0.222835
0.858517
0.995634
0.675785
0.009076
0.977362
0.585416
0.583025
0.960295
1.254158
0.260852
0.866315
0.732717
0.655348
0.882463
0.573419
0.093352
0.988361
0.688101
1.034348
0.230674
1.047679
0.689541
0.726402
0.970288
0.486483
0.506429
0.477099
0.790757
1.049798
0.304111
1.175981
0.377261
0.551810
0.004866
0.998078
0.603742
0.344914
0.548265
1.461672
0.853414
1.109536
0.313307
0.703053
0.743516
0.824912
0.820267
0.642618
0.233695
0.501450
0.755160
0.833005
0.019553
1.220004
0.653930
0.593715
0.793767
0.974261
0.823710
0.778364
0.441744
0.876864
0.544224
1.237457
0.991483
0.763125
0.747852
0.872952
0.016316
1.005469
0.353037
0.324394
0.257657
0.335244
0.510954
1.601291
0.453437
1.212369
0.323392
1.090456
0.396672
0.206043
0.282644
1.210890
0.924798
1.247041
0.668746
1.351041
0.191574
0.710298
0.143530
1.252192
0.919812
0.837832
0.544178
1.498930
0.162269
0.530287
0.786665
1.455336
0.244455
1.902499
0.859876
0.891054
0.092451
0.989959
0.503739
1.256499
0.279136
1.490070
0.797782
1.724215
0.844434
1.036064
0.846840
0.433857
0.861919
0.726292
0.745795
1.611491
0.691476
0.269442
0.936427
0.834328
0.334749
0.171408
0.510357
0.447375
0.652577
1.485308
0.646387
1.099020
0.660311
0.636207
0.439312
0.375139
0.530571
0.793000
0.225753
1.243062
0.230290
1.433680
0.524476
0.272492
0.283165
1.606024
0.409781
0.507950
0.862396
0.777905
0.671308
0.634374
0.039127
0.933756
0.703266
1.758937
0.072873
1.271552
0.304031
1.361598
0.850970
0.777499
0.718059
0.911298
0.622567
1.176037
0.527588
1.062468
0.073154
1.608014
0.516066
1.298915
0.175389
0.665708
0.153820
0.071405
0.411565
0.395165
0.537969
0.870615
0.403423
1.385421
0.906899
1.477779
0.114794
1.387333
0.986294
0.381482
0.850627
0.645549
0.366778
0.787579
0.291081
1.737017
0.871160
1.264169
0.210287
0.322779
0.394161
0.606193
0.032639
0.158748
0.320160
0.351403
0.765701
0.307712
0.529437
1.731340
0.459246
0.979975
0.436833
1.252108
0.083152
1.241618
0.513902
1.532808
0.715254
0.600887
0.485697
0.457597
0.567809
0.481123
0.565901
0.942913
0.113485
0.905872
0.206490
0.487080
0.771125
1.051983
0.823284
1.370106
0.879306
0.938954
0.143131
1.327340
0.161583
1.535670
0.294975
1.161092
0.293286
1.458554
0.068728
1.629271
0.117958
1.066122
0.309597
0.668683
0.353489
1.050525
0.833881
1.203023
0.170584
1.188508
0.741697
0.909002
0.583766
1.187251
0.989015
0.599319
0.880549
0.238361
0.573675
1.306213
0.581725
0.839390
0.103262
0.684917
0.647088
1.128189
0.609599
0.617132
0.446223
1.281096
0.282700
0.705459
0.955432
0.882502
0.118419
1.156414
0.665400
0.884413
0.511395
0.200990
0.660841
0.817708
0.395337
1.305366
0.929558
0.489056
0.647869
0.978809
0.409432
0.660258
0.461348
0.354744
0.468730
1.875535
0.870568
0.670017
0.719830
0.917017
0.656908
1.543194
0.575320
1.021914
0.052532
1.288453
0.903136
1.354299
0.547574
0.507537
0.561556
1.428553
0.324561
1.007925
0.820911
0.637378
0.031040
0.670646
0.349811
1.231891
0.037244
1.804686
0.614935
0.467373
0.071931
0.812299
0.182740
0.572912
0.310277
0.682881
0.794528
1.434576
0.827537
0.609275
0.536306
1.153240
0.917513
1.046378
0.298117
1.065004
0.614891
0.801166
0.049009
0.664219
0.098289
1.383293
0.567877
1.113799
0.772777
0.881844
0.411789
1.211935
0.596448
1.756315
0.215356
1.094860
0.430475
1.107363
0.337292
1.274352
0.789438
0.685713
0.428729
0.954234
0.197098
1.119475
0.477940
1.012576
0.789784
0.974092
0.356645
1.622507
0.501712
1.105607
0.396079
0.460101
0.434620
1.406180
0.649767
0.911720
0.621048
0.554740
0.968665
0.931825
0.193878
1.314112
0.375894
1.215247
0.062244
1.174932
0.709620
0.788080
0.594176
0.251531
0.482231
0.194087
0.647886
0.818818
0.940499
0.509377
0.517972
1.578766
0.737565
1.571280
0.626788
0.594540
0.479272
0.554095
0.088643
0.888265
0.560677
0.882716
0.954759
1.720373
0.252064
0.799672
0.338703
0.740169
0.737080
1.239944
0.923451
1.102998
0.036181
0.600995
0.669157
0.925533
0.201762
0.594920
0.246271
0.550115
0.463627
1.070700
0.795954
1.411630
0.367644
1.187995
0.888882
1.618881
0.778099
0.497144
0.963551
0.842404
0.115437
0.683543
0.379002
1.702672
0.455031
0.895942
0.060686
1.212348
0.278228
0.886534
0.278096
0.148367
0.583230
1.050231
0.887646
0.715177
0.296030
1.039824
0.407542
1.380234
0.353249
0.527494
0.686171
1.806663
0.578497
0.988102
0.974929
1.470946
0.365742
0.358329
0.596779
1.149281
0.850962
0.826345
0.846100
0.320427
0.248119
1.547574
0.132215
1.609401
0.017236
1.559469
0.253880
1.169946
0.896329
1.366119
0.472297
0.709175
0.750748
1.178610
0.039259
1.083574
0.937478
0.291361
0.865028
1.662668
0.150555
1.278864
0.827801
0.748188
0.080015
0.769550
0.026553
1.652872
0.556912
0.970319
0.160175
0.981202
0.579825
0.612199
0.225574
0.703245
0.295460
0.903825
0.626296
1.553702
0.701692
0.986868
0.667782
0.730239
0.591529
1.572568
0.050038
1.479220
0.809629
0.109918
0.964454
0.671246
0.603376
0.612847
0.996518
1.634192
0.295194
1.389431
0.328801
1.108000
0.811694
1.533767
0.712947
1.014172
0.538095
1.060328
0.968143
1.333982
0.161006
0.958713
0.376205
1.527133
0.931778
0.894955
0.214189
0.206793
0.830581
1.431144
0.374335
0.978534
0.945524
1.328646
0.592992
1.239183
0.323082
1.610809
0.023547
1.326011
0.049444
0.479537
0.827109
0.947206
0.249756
0.825308
0.556345
1.038390
0.891203
0.899731
0.128942
0.690218
0.187095
0.361952
0.916971
1.132381
0.527060
0.584217
0.778683
0.040297
0.696698
0.905573
0.480396
1.126512
0.140550
1.125288
0.071168
0.979779
0.243705
0.629580
0.394824
1.048975
0.016740
1.071476
0.876704
1.397264
0.500986
1.807828
0.665441
1.158974
0.751806
0.898458
0.302767
0.627709
0.669827
0.771799
0.185012
1.188287
0.191379
1.065258
0.550498
0.692970
0.297428
0.995736
0.049290
1.569957
0.594627
1.521464
0.641345
0.755038
0.255449
0.816283
0.985254
0.818846
0.624944
0.420159
0.460425
0.984779
0.354133
1.124146
0.645642
0.444787
0.333928
1.112936
0.533896
1.075788
0.732545
0.947604
0.024624
1.544000
0.511405
1.796840
0.025350
1.109167
0.311729
1.740277
0.939989
0.471557
0.816014
0.599100
0.916832
0.788630
0.197901
0.589700
0.241076
1.624574
0.400756
1.150418
0.749039
0.866357
0.904401
0.862529
0.575922
0.510244
0.551079
1.209756
0.903133
0.218321
0.250158
0.814793
0.746070
0.390542
0.892753
1.214724
0.422024
1.028985
0.967018
0.713755
0.936475
1.422429
0.656623
1.515222
0.557819
1.468767
0.557215
0.602496
0.180000
0.522864
0.510956
1.647526
0.401563
0.627986
0.137803
0.985798
0.719346
0.937802
0.523114
1.016659
0.590052
1.036177
0.580865
1.211417
0.731049
1.075623
0.923703
0.500251
0.965269
0.796919
0.864612
0.761309
0.451760
1.934801
0.256483
0.902341
0.492169
1.066836
0.132838
1.697786
0.345014
0.374610
0.215682
0.774935
0.715268
0.863903
0.893196
0.508794
0.200557
0.776870
0.019419
0.815163
0.320353
1.037814
0.741728
0.403820
0.086041
0.657183
0.703847
0.901787
0.237275
1.129466
0.228069
0.904054
0.286599
1.191684
0.170894
1.308854
0.486616
1.172783
0.820752
1.221879
0.684486
0.596848
0.619992
1.664714
0.457883
1.673690
0.969275
0.370452
0.258423
0.991209
0.189486
1.596668
0.781727
1.506925
0.126521
1.320279
0.890080
0.709412
0.408974
1.234196
0.813230
1.335315
0.818241
0.115043
0.667634
1.363102
0.979766
1.294715
0.291552
0.782045
0.657201
0.776361
0.591030
0.057357
0.435209
1.115301
0.779766
0.628951
0.087061
1.429367
0.669591
1.261171
0.607202
1.309604
0.582705
0.556732
0.648065
1.026282
0.974327
0.648636
0.269229
0.706970
0.525634
1.259698
0.758241
0.795221
0.502329
0.186720
0.124241
0.715231
0.262859
1.857775
0.871019
0.995366
0.578576
1.102688
0.495081
0.917516
0.601777
0.993428
0.865478
1.155657
0.980004
0.581584
0.353075
1.427124
0.810737
1.208615
0.492078
0.597758
0.065996
1.479537
0.694844
0.878414
0.359064
0.881181
0.216002
0.788356
0.309525
0.962849
0.555315
0.644586
0.869481
0.409368
0.482268
0.980478
0.356899
0.161085
0.165934
0.873363
0.906336
0.871878
0.449491
1.077359
0.411581
1.388511
0.730033
0.932462
0.505540
1.948880
0.955670
0.848642
0.743959
1.274206
0.336547
0.677774
0.717682
0.532394
0.526322
1.864092
0.302157
0.936989
0.047954
1.185197
0.618505
1.115476
0.986061
1.616765
0.722786
0.699247
0.963736
0.983634
0.259235
1.634149
0.351001
1.376618
0.122586
0.855887
0.866006
1.208544
0.909826
0.954573
0.342707
0.691401
0.196489
0.285052
0.340624
1.441503
0.094480
0.830898
0.465015
0.686239
0.737136
1.361283
0.101036
0.098515
0.747507
0.996964
0.091770
0.443967
0.798477
0.587585
0.707579
1.541020
0.980361
0.692916
0.233255
1.003368
0.130164
0.804733
0.273291
0.262861
0.807525
1.010308
0.681469
0.667500
0.547256
0.873882
0.926164
0.963419
0.482386
1.067543
0.650612
1.466807
0.175997
0.461264
0.920751
1.198363
0.402851
0.711891
0.847820
0.959342
0.451162
1.027236
0.541323
0.307560
0.011237
1.401199
0.020633
0.639255
0.684946
1.251615
0.708639
0.445463
0.697104
0.740734
0.776668
1.167830
0.943391
1.089869
0.296715
0.816374
0.524760
1.515194
0.673153
1.100122
0.867026
1.539461
0.503946
0.888206
0.259312
0.781954
0.643043
0.850244
0.275885
0.643746
0.757972
1.163283
0.827341
1.328619
0.262778
0.988397
0.958089
1.167504
0.120157
1.042554
0.275591
1.334084
0.095034
0.875987
0.548224
1.249713
0.155786
1.572055
0.674420
1.420819
0.987200
1.012290
0.164604
0.692084
0.165096
1.104917
0.479468
0.933823
0.758938
1.252582
0.440607
1.209751
0.713005
0.966945
0.619339
0.931162
0.405355
1.121787
0.164096
1.183912
0.029559
1.278906
0.598629
0.441095
0.993592
1.098928
0.917884
0.661480
0.480375
0.118029
0.673251
0.784860
0.734562
1.547223
0.217232
0.474642
0.022234
1.376681
0.126931
1.098953
0.868294
1.340900
0.921248
0.818690
0.195423
1.370011
0.778319
1.460161
0.465673
1.094445
0.099130
1.051060
0.637119
1.506278
0.524861
1.277728
0.363817
0.464397
0.024608
0.906718
0.031781
0.898805
0.395615
1.184270
0.631829
1.275151
0.373912
0.863353
0.159404
1.459346
0.315207
0.756443
0.098950
1.087646
0.853152
1.228522
0.838799
0.929448
0.468276
0.195808
0.752538
0.957513
0.113784
0.410668
0.277935
1.550595
0.572217
0.943333
0.291623
0.939500
0.887029
0.755537
0.570606
0.999126
0.742758
0.634284
0.695840
1.431370
0.653437
1.014185
0.671788
0.768520
0.075136
1.281932
0.032935
1.431498
0.848211
1.064610
0.265985
0.466444
0.661980
0.861859
0.566740
0.387622
0.885010
0.708348
0.290521
1.166461
0.472745
1.238097
0.425874
0.699729
0.785195
0.744084
0.677470
0.399374
0.747292
1.011302
0.689748
1.108968
0.114971
0.537050
0.361823
1.605718
0.648337
0.414460
0.747519
0.881012
0.837327
1.098693
0.191803
1.793342
0.207784
1.150660
0.416230
1.003492
0.473095
1.771612
0.536210
0.854034
0.211410
1.217688
0.775627
1.104599
0.648255
0.967809
0.719361
1.706299
0.533513
1.774420
0.819618
0.773657
0.900818
0.564659
0.125479
0.958464
0.806855
0.878301
0.487388
0.331078
0.863004
1.558065
0.305184
1.348207
0.787135
1.395193
0.631157
1.431440
0.687020
1.781501
0.824217
0.780460
0.470909
1.171850
0.232672
0.189615
0.732176
0.715401
0.824494
1.487686
0.521739
0.371277
0.933881
1.305772
0.144945
1.402562
0.244449
1.315591
0.027997
0.934323
0.222775
1.311295
0.837234
1.654040
0.221936
1.017032
0.532867
1.363319
0.609585
0.842178
0.235314
1.203454
0.103838
0.326956
0.137710
0.752988
0.636371
0.789042
0.783232
0.140501
0.176117
1.457828
0.900427
0.685744
0.226857
0.726712
0.784430
1.830202
0.312156
0.469969
0.005832
1.452555
0.161452
1.060493
0.433537
1.559507
0.659831
0.878896
0.344111
0.641238
0.757751
0.575320
0.323043
1.065647
0.112130
0.203027
0.863155
0.784773
0.021205
1.424034
0.127115
0.851343
0.617841
1.309157
0.877404
1.168076
0.752286
0.252664
0.541134
1.363792
0.058333
1.692714
0.691010
1.658312
0.407365
0.701438
0.834534
0.773802
0.614388
0.906120
0.086106
0.965339
0.513309
0.968163
0.912066
1.678106
0.419841
1.002739
0.010323
1.240755
0.753373
1.540075
0.221379
0.876050
0.942225
0.355891
0.401859
1.781890
0.758790
1.640467
0.404690
1.465786
0.156250
1.101956
0.371127
0.708762
0.748476
1.682262
0.810023
1.557871
0.207300
1.389739
0.587690
0.870806
0.427745
0.849771
0.171255
0.984472
0.191734
1.056940
0.350800
0.786637
0.614769
0.493923
0.152459
0.536799
0.007935
1.564542
0.604923
0.974773
0.987181
1.023539
0.618031
1.295705
0.114420
0.837845
0.058359
1.237623
0.459756
0.710136
0.508379
1.488287
0.232583
0.949445
0.434134
1.291489
0.013483
1.211264
0.257348
0.813047
0.045710
0.941056
0.873892
1.110846
0.035108
1.489350
0.150080
0.442463
0.858727
0.513029
0.225782
0.953440
0.825621
0.953749
0.359615
0.860062
0.125964
1.509250
0.693207
1.061821
0.161709
0.583590
0.197206
0.750383
0.503341
1.077916
0.004963
1.798972
0.356892
1.630060
0.151227
0.399022
0.660016
0.630272
0.917814
0.161062
0.889922
0.478439
0.684943
0.331344
0.000382
0.922751
0.554821
1.747641
0.724963
1.504409
0.117773
0.931171
0.381273
0.430100
0.040984
1.309517
0.565892
0.268869
0.855684
1.295185
0.652947
1.069178
0.242321
1.086765
0.446820
1.408068
0.497749
1.221405
0.427287
0.646381
0.685946
0.651015
0.326643
0.685001
0.578305
0.269646
0.298319
0.979661
0.597142
0.551887
0.306201
1.412505
0.348257
1.458518
0.424331
0.354091
0.417805
1.106563
0.060202
1.565283
0.806581
0.974660
0.864973
1.107656
0.867282
0.679559
0.504867
1.830557
0.065567
1.118565
0.521491
1.539470
0.515474
1.259421
0.827077
0.847842
0.575690
1.179221
0.392723
1.162782
0.537566
0.475920
0.523484
1.484607
0.071328
0.671767
0.396707
1.444296
0.641411
0.956345
0.826379
0.504215
0.785984
1.021438
0.224804
1.201082
0.154362
1.482649
0.283120
0.621345
0.224583
1.568557
0.024968
1.199850
0.695240
0.656486
0.723370
1.433042
0.077718
0.990582
0.511928
0.731183
0.998972
0.626228
0.570054
1.431178
0.956879
1.397774
0.063189
1.406655
0.970727
0.974146
0.020105
0.301273
0.970157
0.882430
0.018283
0.165631
0.334932
1.204333
0.103546
0.760048
0.519694
0.625154
0.064950
0.376989
0.473589
1.223467
0.825099
1.386773
0.824734
1.120359
0.457098
1.652301
0.918231
0.718792
0.095505
0.697401
0.512190
0.775223
0.814969
0.901374
0.160758
1.768109
0.275813
0.881661
0.365629
1.766290
0.484175
1.017162
0.963453
0.483140
0.708412
0.894760
0.630855
1.243565
0.411637
1.306776
0.753148
0.587214
0.890400
0.385536
0.397823
0.960753
0.876906
1.124762
0.005284
1.613013
0.214967
1.780120
0.445717
1.148999
0.142599
1.325497
0.542657
1.357766
0.327369
1.414277
0.127288
0.611383
0.461353
1.311189
0.600177
0.995478
0.317345
1.424027
0.846672
1.609687
0.978637
1.406313
0.038166
1.319885
0.863945
1.081959
0.411276
1.868055
0.589509
0.528953
0.583847
0.906023
0.634231
1.145157
0.618409
1.067220
0.334832
0.491337
0.164923
0.767401
0.716124
0.147501
0.527176
0.116715
0.855504
0.745723
0.858896
0.833670
0.977000
1.569440
0.289464
0.816750
0.799401
1.961618
0.383482
1.092798
0.565087
0.319270
0.028819
1.093271
0.566333
0.748904
0.826523
1.721879
0.669014
1.357410
0.336593
0.718768
0.902178
0.385978
0.315895
1.266248
0.106802
1.108865
0.839310
0.425587
0.697512
1.354907
0.007837
1.004409
0.641615
1.613537
0.317875
0.334255
0.798172
0.619780
0.308029
1.409880
0.503254
0.893016
0.150485
1.596204
0.914015
1.293884
0.328307
1.568625
0.426078
1.692084
0.452136
1.214314
0.276852
0.949255
0.360700
1.863667
0.327715
0.684718
0.120561
0.360774
0.533804
1.818541
0.397817
1.655930
0.789165
0.809150
0.842496
0.610956
0.001576
1.066506
0.215405
0.769350
0.254107
0.395988
0.387474
1.330523
0.045744
1.226951
0.920806
0.977428
0.395588
1.189355
0.367162
0.726171
0.298862
1.245281
0.765603
0.077096
0.389994
1.171846
0.426221
1.170711
0.169298
1.005631
0.097559
1.293221
0.018291
1.116684
0.194226
1.247280
0.150324
0.923281
0.442453
1.768085
0.143445
1.179581
0.133640
0.344569
0.790797
1.281397
0.140143
0.539936
0.944462
0.682576
0.201396
0.983495
0.783287
0.493388
0.703869
0.905501
0.533302
1.083921
0.976765
1.737441
0.415769
1.211828
0.556037
1.214845
0.150152
0.990734
0.556314
1.042869
0.910092
1.179302
0.174201
1.168777
0.291633
0.642842
0.336864
0.788591
0.707245
0.571825
0.729294
1.643226
0.281124
1.068431
0.673930
0.761060
0.905176
0.277359
0.365911
1.444423
0.537510
1.800315
0.505648
0.839899
0.653776
0.859244
0.958440
0.502080
0.642921
0.393852
0.427771
1.233819
0.996422
0.774656
0.758110
0.315495
0.360528
1.036169
0.907718
0.640561
0.732549
1.635552
0.795196
1.368671
0.700589
0.883327
0.261596
0.719324
0.754694
1.133153
0.072833
1.241784
0.586043
0.793298
0.775414
0.563218
0.933847
0.927997
0.206896
1.074646
0.137062
0.434502
0.577969
0.989337
0.370780
1.289080
0.917250
1.380269
0.632305
1.404774
0.555117
1.404648
0.052126
0.477030
0.244142
0.547710
0.307298
1.665129
0.699501
0.288211
0.713561
1.144706
0.717285
0.483695
0.567382
0.879808
0.183468
0.847058
0.787627
0.526385
0.214642
0.934914
0.863473
0.970181
0.629371
0.976187
0.688533
1.379562
0.538021
0.860811
0.239008
0.650379
0.185709
1.631407
0.668840
0.888588
0.813808
1.082703
0.610915
0.480541
0.437768
0.709520
0.020660
1.090800
0.664810
1.567902
0.800245
1.312249
0.731352
1.359482
0.137051
1.234533
0.382476
1.621531
0.501726
1.173172
0.741904
0.828359
0.373859
0.359913
0.885443
1.628176
0.877312
1.280307
0.253148
0.399055
0.595330
1.318864
0.981626
1.454549
0.837592
1.002342
0.021771
0.737688
0.086557
1.406299
0.648629
1.183630
0.645569
1.033323
0.960264
0.844510
0.435992
0.951017
0.599171
1.337733
0.709472
0.747501
0.812458
1.025887
0.021619
1.541263
0.937958
0.779717
0.858035
1.300543
0.474258
1.284143
0.401133
0.328171
0.411890
0.558428
0.552653
1.217715
0.811642
1.097387
0.540648
0.982116
0.663844
0.584012
0.030496
0.844932
0.315536
1.131673
0.621364
0.750226
0.971708
0.678976
0.607365
1.308479
0.986696
0.779612
0.288740
0.958534
0.455478
0.960437
0.612460
1.918724
0.528712
0.794741
0.148603
0.303641
0.515678
0.767715
0.345163
0.873908
0.687743
1.835686
0.550095
0.934640
0.933236
1.037243
0.218171
1.220575
0.888007
0.933569
0.479995
1.152593
0.418234
0.882112
0.335737
0.118737
0.455082
1.005140
0.819612
0.763598
0.332559
0.849274
0.984573
1.170193
0.890593
1.279777
0.274862
1.059356
0.867702
0.659933
0.145739
0.827740
0.506210
0.931819
0.155913
0.567142
0.119045
0.142820
0.149450
1.016240
0.531388
1.216880
0.951497
1.318546
0.261864
0.430242
0.507591
0.022224
0.476442
0.971977
0.231168
0.471040
0.795506
1.398787
0.496845
1.013232
0.315414
1.101395
0.172519
0.520494
0.289670
1.639246
0.358308
1.645811
0.464830
1.163103
0.568975
0.410692
0.747961
0.554243
0.930069
0.518521
0.690066
1.374979
0.441351
1.027988
0.707255
0.593845
0.989362
1.354506
0.490025
0.209191
0.955350
1.126793
0.696443
1.574628
0.027356
1.589417
0.328675
1.350031
0.982895
1.191197
0.015925
0.761002
0.368669
1.318174
0.023447
1.896492
0.806072
1.184623
0.074096
0.230478
0.851378
0.998926
0.385411
1.318385
0.275852
0.350234
0.480452
1.146186
0.470199
1.201462
0.366215
0.644731
0.966687
0.715584
0.784776
0.778388
0.804850
1.006468
0.359987
1.194407
0.217408
1.625475
0.431197
1.448377
0.981225
0.742482
0.880306
1.366720
0.022038
1.694589
0.998357
1.246174
0.991118
1.344573
0.025457
1.229809
0.169062
1.540985
0.139239
0.622118
0.742503
1.090712
0.764184
1.256024
0.182158
0.773551
0.387588
1.362428
0.295176
1.050444
0.529227
1.261788
0.631313
1.069100
0.991931
1.625449
0.696901
0.818328
0.346547
0.776012
0.184624
1.281433
0.876345
1.122439
0.670133
0.691513
0.397485
0.926446
0.559877
1.351158
0.996399
0.979541
0.049283
0.550214
0.470530
1.579690
0.242033
0.345744
0.326699
1.286729
0.859015
0.452691
0.837703
0.682877
0.290036
1.235823
0.775012
1.804029
0.879114
0.569769
0.535810
0.782642
0.778416
1.001335
0.410450
0.371411
0.968169
1.331836
0.391977
0.885466
0.895908
1.639368
0.388469
0.762798
0.082302
1.235341
0.859999
1.034370
0.854192
1.008172
0.478294
0.980570
0.143614
0.787927
0.871332
0.984845
0.608627
1.435257
0.134237
0.481219
0.648713
1.343364
0.503935
0.505254
0.522783
0.623846
0.736134
1.327288
0.216947
0.503618
0.155663
1.619809
0.818998
1.714621
0.227054
1.045541
0.907974
0.796389
0.235032
1.527851
0.422263
0.917289
0.549682
0.804773
0.906306
0.916876
0.086429
1.731686
0.004106
1.089821
0.613712
0.628613
0.032860
1.201488
0.023013
0.470983
0.096438
1.249792
0.991030
1.310084
0.095302
1.141037
0.978081
1.069345
0.373210
1.200268
0.974255
0.515723
0.811680
1.109700
0.145835
0.522241
0.085314
0.964735
0.525460
1.594443
0.568794
1.349369
0.718550
0.620821
0.835472
0.888408
0.062681
1.691203
0.029492
0.884380
0.392565
0.895478
0.872664
0.952346
0.607130
0.194811
0.460888
0.902236
0.711033
0.817702
0.994267
0.413180
0.937168
1.897969
0.264923
0.799474
0.629385
0.637415
0.865577
1.372881
0.217489
1.327008
0.740442
1.309289
0.623290
1.615537
0.478891
1.090565
0.527285
1.174926
0.246178
1.325258
0.084290
1.327479
0.274649
0.914713
0.196846
1.107802
0.442637
0.454689
0.157342
1.319717
0.740952
0.320528
0.963806
0.270429
0.959714
0.129551
0.095202
1.363723
0.740944
1.799779
0.487653
1.805367
0.060834
1.214394
0.650580
1.245941
0.037693
0.661269
0.341709
0.512907
0.230355
0.670984
0.760189
1.196541
0.755745
0.682321
0.589902
0.824425
0.577837
1.097330
0.849608
1.507251
0.630022
1.860532
0.999933
0.503443
0.397315
0.713350
0.957880
1.372262
0.808652
1.355578
0.411558
1.038686
0.300618
0.368038
0.641526
0.309075
0.117479
0.360691
0.026613
0.771629
0.135014
0.674325
0.154802
1.769972
0.337628
1.111194
0.894254
0.933452
0.329503
1.316127
0.794152
1.154208
0.308955
0.364613
0.002287
0.896797
0.280293
0.665289
0.580997
1.317173
0.800254
1.362317
0.171856
1.390738
0.362782
0.629322
0.617104
0.994625
0.200819
0.464733
0.474356
1.095056
0.362052
1.132793
0.607313
1.269240
0.348848
0.622778
0.935874
0.320719
0.225930
1.298624
0.209415
1.179326
0.621767
0.709463
0.051842
1.264667
0.524347
0.488603
0.628808
1.516883
0.748101
1.182336
0.632752
1.841313
0.014875
0.926006
0.962378
1.218669
0.501526
1.233637
0.201610
1.693220
0.571557
1.057982
0.542823
0.468946
0.038143
1.645795
0.196806
0.741259
0.395752
0.794101
0.702101
1.145902
0.318358
1.276965
0.153584
0.971066
0.048465
1.516794
0.500385
1.420741
0.779910
1.186140
0.814642
0.398791
0.970295
1.240919
0.694864
0.889246
0.133340
0.820114
0.357279
0.417809
0.882658
1.380076
0.041098
1.742580
0.736357
1.348724
0.869997
1.601684
0.610492
0.818044
0.840713
1.292630
0.021732
0.639988
0.630884
1.298297
0.210612
1.148295
0.661034
0.470110
0.949151
1.767538
0.856566
1.126497
0.039698
1.652823
0.560840
1.437035
0.942759
1.535226
0.388481
0.686278
0.528127
1.039964
0.801926
1.337630
0.793964
1.220755
0.244726
0.402011
0.401793
1.127468
0.980991
1.468955
0.134737
1.020611
0.253127
0.903565
0.568347
1.340688
0.896635
0.811950
0.091911
0.677767
0.921240
0.944094
0.348718
0.615376
0.805192
1.193388
0.337661
1.053935
0.335429
1.275818
0.558573
0.729258
0.899424
1.137143
0.086975
0.336186
0.945657
0.625623
0.734925
1.164201
0.447788
1.265495
0.628394
1.340059
0.528653
0.954826
0.090734
1.532593
0.537049
1.605516
0.175183
0.753077
0.258495
1.408635
0.580401
0.561727
0.916840
1.358872
0.956778
0.994489
0.938151
0.601543
0.518306
0.074398
0.803338
1.657898
0.310000
0.667855
0.275101
1.417418
0.553872
1.354404
0.109038
0.081764
0.887202
1.376601
0.901662
1.274206
0.239000
0.517660
0.873817
0.204675
0.466316
1.493730
0.634792
0.785585
0.409682
1.178098
0.177940
0.649679
0.200330
0.992487
0.259691
1.020650
0.618015
1.032859
0.151983
1.293949
0.682102
0.676611
0.742191
0.657432
0.437248
1.285782
0.840261
0.720921
0.390916
0.793189
0.315559
1.082871
0.661824
1.239213
0.252209
1.366418
0.529018
0.522415
0.748460
0.608790
0.921701
1.562858
0.348807
1.542276
0.052052
0.757940
0.609678
0.572687
0.229950
0.567468
0.827647
0.773135
0.309238
0.685572
0.424441
0.589548
0.144632
0.601544
0.525528
0.810742
0.855794
1.410662
0.163117
1.130040
0.972967
1.675839
0.339698
0.806215
0.959372
1.090447
0.836108
1.710696
0.994342
0.994050
0.748717
0.701961
0.330834
0.563932
0.289017
1.149001
0.629238
1.031533
0.053938
0.631181
0.005029
1.238260
0.274547
1.090767
0.965137
1.502613
0.003401
0.652600
0.928849
1.046051
0.195303
1.304390
0.477444
1.324858
0.762324
1.312045
0.735854
0.618891
0.068892
0.313317
0.726427
1.477711
0.954256
0.947168
0.454596
0.750869
0.607450
0.559332
0.123269
1.501870
0.679261
1.068062
0.102782
0.597189
0.691806
0.623935
0.772852
0.875168
0.019833
1.084642
0.104371
0.836147
0.292005
1.211988
0.866680
0.846809
0.573958
1.637797
0.215252
1.755471
0.091376
1.189517
0.007702
0.618870
0.685473
1.291808
0.912732
0.706400
0.225057
0.711747
0.711368
0.923004
0.874693
1.052011
0.985306
1.073683
0.864597
1.813208
0.795641
1.380948
0.733792
0.917482
0.028089
1.104406
0.071000
1.127251
0.392149
0.334535
0.581294
0.923386
0.840241
1.348120
0.676078
1.048856
0.116435
1.803060
0.878769
1.403610
0.996413
0.227417
0.819282
1.061211
0.487448
0.547015
0.947234
1.422818
0.188844
1.357236
0.862815
1.315891
0.546422
1.254670
0.513264
0.841728
0.674239
1.070610
0.996944
1.189344
0.344343
0.844713
0.018282
0.286179
0.467102
0.401966
0.640818
0.496409
0.698162
0.823859
0.464874
0.860217
0.436539
1.066118
0.725062
0.987280
0.520811
0.900075
0.659487
0.872808
0.011404
1.108729
0.226955
1.764579
0.904322
0.505740
0.396378
1.341226
0.155840
1.147300
0.478532
1.949649
0.655283
0.853205
0.751327
1.204090
0.102919
0.744825
0.663543
0.822856
0.706308
1.039747
0.249181
1.340623
0.586316
0.350770
0.386274
0.105748
0.547520
0.655174
0.887277
1.051773
0.695555
0.679168
0.730943
1.364214
0.966595
0.755713
0.309396
1.516509
0.677540
1.024374
0.142949
0.795840
0.627375
1.503967
0.259387
1.459790
0.527421
0.572403
0.399978
1.062187
0.105028
0.996772
0.711090
0.698766
0.109864
0.705258
0.295445
1.866101
0.019517
0.716375
0.983488
0.744753
0.767238
0.936487
0.788888
1.427704
0.700437
0.719867
0.319281
1.229303
0.889170
0.866573
0.810420
0.937372
0.557835
0.650162
0.487227
0.306695
0.890570
1.101138
0.286388
1.560199
0.071604
0.789237
0.500188
1.209388
0.451113
0.835506
0.127227
0.776532
0.226314
0.939924
0.542995
1.401570
0.100116
0.499527
0.345152
0.790085
0.568110
0.875939
0.970191
0.878959
0.129660
0.939725
0.713034
1.881296
0.974618
1.170502
0.446947
1.498242
0.010577
1.289296
0.750599
1.091193
0.078577
0.435774
0.207798
0.807530
0.876287
1.183666
0.927218
1.430505
0.704626
0.571022
0.802450
1.511662
0.434830
0.354184
0.939098
0.521812
0.521366
0.795606
0.735803
0.678711
0.689425
0.818054
0.197259
1.420363
0.911637
0.767544
0.308556
1.270499
0.384294
1.252206
0.637109
0.499541
0.324094
0.947534
0.944024
1.305435
0.615224
1.062574
0.603478
1.229482
0.706498
0.244256
0.519915
1.662649
0.452185
0.316894
0.120206
0.692067
0.976177
1.424397
0.089663
1.258536
0.049580
1.170428
0.572311
0.446982
0.999560
0.813338
0.153692
1.029561
0.739557
1.554932
0.219953
0.500191
0.078342
0.284335
0.984440
0.906912
0.473721
0.733110
0.621997
0.946397
0.252629
0.547353
0.671005
0.422759
0.216003
0.706279
0.650304
1.360732
0.382643
1.263734
0.418395
1.293219
0.159803
1.719947
0.943434
0.599420
0.881690
1.155078
0.109106
1.288364
0.321949
1.733318
0.807964
0.891507
0.141565
1.117651
0.367093
0.978973
0.046975
1.299105
0.653211
0.721374
0.256441
0.453142
0.403439
1.416043
0.284430
0.790035
0.844869
1.269435
0.996092
0.909580
0.799484
1.736539
0.388696
0.878776
0.910828
0.744078
0.812198
0.748453
0.715254
1.940708
0.675191
0.612138
0.037207
0.539793
0.215770
0.411737
0.051361
1.301770
0.485340
0.878133
0.721922
1.097558
0.723178
1.188189
0.319725
1.433031
0.329447
0.881629
0.905273
0.520995
0.074359
0.262017
0.082999
1.134118
0.696590
1.383020
0.106518
1.782329
0.624197
1.212049
0.393172
1.661456
0.236437
0.230982
0.475283
0.812395
0.285659
1.044021
0.397058
1.030647
0.288885
0.907565
0.429448
0.278744
0.167186
1.557924
0.199470
0.718883
0.390217
1.443116
0.861472
0.562273
0.239419
1.152268
0.331646
1.350657
0.354292
0.799675
0.707084
1.711655
0.734259
1.368356
0.771357
0.531210
0.089851
0.978396
0.787623
0.125496
0.532719
1.527883
0.067033
0.906220
0.635934
0.548083
0.741862
0.693408
0.877405
1.058612
0.369516
1.269703
0.726739
0.925051
0.279623
1.353745
0.123389
0.867128
0.598568
0.846250
0.662430
0.981812
0.859265
1.617083
0.446720
1.201668
0.069749
1.072092
0.033176
0.623649
0.195438
0.443969
0.057175
1.164993
0.963448
1.516123
0.937811
0.827246
0.262572
1.243037
0.200847
0.796126
0.114944
0.215205
0.487427
1.143784
0.230187
0.289055
0.387907
1.294459
0.631941
1.546984
0.301114
0.930513
0.917986
0.391811
0.819750
1.324124
0.599639
0.169879
0.834450
0.834567
0.129793
0.869698
0.282567
1.783562
0.128452
0.913825
0.853689
1.764926
0.751660
1.461919
0.064735
1.170478
0.736455
1.322344
0.132650
0.897985
0.292994
1.355705
0.282641
0.901162
0.495485
1.189832
0.825417
0.697926
0.100138
0.313360
0.291297
0.857000
0.243508
0.974815
0.102057
1.033653
0.221737
1.474991
0.067943
1.478899
0.435011
1.173029
0.590039
1.527682
0.044809
1.191157
0.640582
1.247948
0.264985
0.627291
0.196713
1.180544
0.317595
1.308366
0.193390
1.577367
0.594428
1.073297
0.895018
1.814472
0.712325
0.628839
0.413995
0.915976
0.602306
0.845042
0.396093
0.931157
0.540825
0.833441
0.978596
0.935640
0.909760
1.562270
0.977778
1.434707
0.361833
0.818837
0.660328
0.717443
0.777249
0.234996
0.308949
1.736804
0.419419
0.982003
0.034449
1.915247
0.198048
0.924812
0.360667
1.588430
0.514128
0.672785
0.188943
1.403283
0.453969
0.902452
0.777867
0.809977
0.012821
0.642570
0.143283
1.332809
0.294870
1.172694
0.234055
1.126221
0.292024
1.403607
0.829505
0.730633
0.858475
0.682733
0.613258
1.459706
0.855761
1.672393
0.995268
0.630513
0.405290
1.585020
0.240618
0.920171
0.200080
0.043194
0.669899
0.841432
0.047462
0.825436
0.018531
1.161091
0.427272
1.295876
0.624973
0.742941
0.071245
0.981472
0.982065
1.026650
0.367306
0.248935
0.318883
0.931924
0.884238
0.929834
0.728638
0.932970
0.274012
1.477433
0.864110
1.864603
0.949477
1.178759
0.655996
0.136989
0.949836
0.329225
0.850206
1.369506
0.356381
0.722230
0.975993
0.490932
0.064670
1.077769
0.110502
0.924113
0.677096
1.324612
0.203073
0.509302
0.430625
0.702458
0.042987
0.414642
0.718818
1.179197
0.066759
1.076244
0.544691
0.715402
0.172042
1.564309
0.035695
0.420997
0.811900
0.634201
0.955523
1.521867
0.869992
0.986689
0.191117
0.541497
0.607579
0.541575
0.322240
1.301743
0.373858
0.752972
0.229325
0.689546
0.064270
0.303543
0.853300
0.741596
0.345737
0.848956
0.298448
1.700756
0.824158
0.204694
0.633549
0.648087
0.388391
1.034677
0.509746
1.232958
0.105279
1.552389
0.749796
0.777403
0.028298
0.959132
0.589695
0.646625
0.611151
0.804952
0.156826
0.797326
0.185030
0.857710
0.734351
1.108423
0.764565
1.312569
0.474718
1.112910
0.474051
0.893507
0.669397
0.758147
0.353601
1.035676
0.238782
0.479456
0.446426
0.299364
0.040452
0.825423
0.249984
1.044080
0.298693
1.000463
0.171552
1.677439
0.120013
0.595110
0.351941
1.574764
0.424101
0.885061
0.258264
0.350020
0.520503
0.874221
0.890324
0.684207
0.352383
1.485696
0.780389
1.265284
0.112342
0.838298
0.133123
0.612230
0.397742
1.083757
0.202663
1.677889
0.550764
0.934741
0.481568
1.464056
0.711752
0.850026
0.390119
0.895002
0.209147
1.309013
0.124613
1.421850
0.091289
0.472313
0.806300
0.374182
0.191540
1.471259
0.499615
0.718426
0.020124
1.113751
0.587711
1.709560
0.862608
1.126349
0.901194
1.502059
0.365869
0.458604
0.821020
0.541792
0.814326
0.999609
0.755640
1.301073
0.057668
0.831385
0.324868
0.629713
0.978154
1.054045
0.619988
1.857688
0.372209
0.351254
0.461821
0.481936
0.014640
1.360367
0.084183
0.687895
0.344214
1.456312
0.830759
1.665472
0.810831
1.119081
0.715528
0.504412
0.718361
0.461147
0.261956
0.732924
0.378213
0.509271
0.161812
1.110272
0.324969
0.330837
0.620942
1.396415
0.062922
1.641042
0.212997
1.797544
0.853967
0.227463
0.633907
0.404640
0.614282
1.250609
0.032315
0.639404
0.470237
0.604193
0.488895
1.074769
0.130558
0.673821
0.664813
0.793694
0.343603
1.612215
0.954319
1.558232
0.466619
0.843630
0.542908
0.869364
0.084044
0.677263
0.846887
1.102200
0.012823
0.998636
0.651472
1.191491
0.982367
1.909272
0.858344
0.830251
0.426363
1.793168
0.476799
1.543258
0.049349
1.030016
0.714019
1.600522
0.713556
0.769505
0.790595
1.133065
0.432013
1.000005
0.294905
1.336588
0.064919
1.232258
0.119334
0.271243
0.759696
0.538633
0.494877
0.408989
0.133280
1.497335
0.205928
1.334779
0.266251
1.489455
0.621422
0.968767
0.982835
0.330229
0.645920
0.676468
0.566961
0.941170
0.274369
0.677919
0.684924
1.222376
0.777293
0.572338
0.434847
0.660970
0.000709
1.726154
0.860092
0.591725
0.301289
1.779878
0.692336
1.896793
0.870849
0.930125
0.044089
1.268006
0.734238
1.034012
0.432508
0.658570
0.356756
0.633608
0.938631
0.962779
0.859040
0.659546
0.425447
0.814375
0.238618
1.134775
0.598310
0.436639
0.274108
1.208249
0.438646
0.935235
0.694948
0.645828
0.059068
1.791607
0.369595
1.264525
0.019929
0.349884
0.879997
1.019562
0.242095
1.327060
0.614363
0.275828
0.039475
1.582833
0.919246
1.346317
0.595767
1.861785
0.223171
1.003503
0.353471
0.735115
0.795144
0.749015
0.688247
0.856053
0.835121
1.230214
0.138915
0.667180
0.064688
0.696932
0.218521
1.067510
0.298806
1.337069
0.237960
0.918849
0.229341
0.987932
0.120152
1.175471
0.400050
1.368833
0.779844
1.441659
0.415907
1.139416
0.566502
0.941429
0.517025
1.272570
0.947352
0.964783
0.000850
0.215284
0.482220
0.958545
0.890295
1.091374
0.345030
1.275609
0.651965
0.613832
0.150464
0.751264
0.232399
0.602225
0.004690
0.361984
0.068997
0.677760
0.765206
1.088987
0.108962
0.779633
0.873082
0.739977
0.859972
0.753950
0.081781
0.992104
0.428649
0.927269
0.310964
0.818840
0.301101
0.997484
0.768240
1.599010
0.219385
0.423663
0.887760
1.365247
0.156421
0.996369
0.188318
1.169348
0.536493
0.897762
0.896685
0.425203
0.054607
1.086939
0.523259
1.442694
0.033348
1.756221
0.577370
1.402631
0.813657
0.973967
0.863101
1.018535
0.570684
0.714419
0.158433
0.878195
0.633062
0.192208
0.915148
1.847462
0.767180
1.214154
0.186707
0.078705
0.965450
0.830889
0.574707
0.373536
0.290527
1.061720
0.949663
1.244724
0.207163
0.861357
0.433821
0.271807
0.372092
1.104352
0.478851
1.003464
0.674228
0.521788
0.182781
0.867634
0.976193
1.848123
0.285001
1.000744
0.282153
1.330448
0.885640
1.174708
0.625688
0.921070
0.086421
1.309489
0.937195
0.129560
0.322691
0.892167
0.410996
0.920735
0.099819
0.570132
0.980945
0.964530
0.487913
0.237918
0.477449
0.782010
0.316543
0.578257
0.588673
1.285077
0.738013
0.359256
0.482549
1.427373
0.168304
1.113588
0.835799
0.339545
0.077206
0.991967
0.080998
0.516065
0.422432
0.662384
0.777147
1.437629
0.991990
1.138707
0.567701
0.792911
0.542338
1.263390
0.083530
0.862585
0.041236
0.837625
0.794613
0.736821
0.276959
0.282256
0.196047
0.757302
0.283335
1.513612
0.742607
0.871987
0.740727
1.487340
0.373380
1.399610
0.504092
0.835556
0.534300
1.327009
0.227681
1.289093
0.894520
0.789622
0.668063
0.439562
0.993824
1.430167
0.088227
1.020416
0.723630
1.103945
0.244188
1.304915
0.469701
1.287128
0.786079
0.801710
0.889739
1.416256
0.007219
0.969514
0.503279
1.327100
0.022786
0.799528
0.838206
1.056531
0.342410
1.672991
0.542742
0.838314
0.905736
0.804895
0.363481
0.723976
0.755221
0.630243
0.985835
0.858627
0.401739
0.994981
0.832456
0.497204
0.229738
1.759457
0.633845
0.640883
0.127072
0.825610
0.978597
1.595070
0.010081
1.988235
0.340331
0.746606
0.745445
1.559916
0.488745
1.471250
0.487572
0.612381
0.236211
1.024282
0.702988
1.535420
0.684389
1.109872
0.948083
0.978799
0.250047
1.025977
0.454493
1.516633
0.316852
1.466146
0.065903
1.227955
0.744952
1.113337
0.582895
0.396808
0.234322
1.144159
0.952648
0.673514
0.347060
0.999741
0.513802
1.575447
0.097741
0.798721
0.559202
0.769911
0.147758
1.482748
0.650388
1.882647
0.426545
0.446307
0.611830
1.540777
0.039238
1.313484
0.551655
1.033090
0.911751
1.283992
0.579691
1.502556
0.409950
0.518441
0.408819
1.780411
0.415732
0.242118
0.550097
1.575786
0.576517
0.270547
0.252131
0.941450
0.544842
0.759368
0.869402
1.131334
0.937143
0.685652
0.766126
0.363183
0.296899
1.056415
0.192325
1.205173
0.942766
1.091912
0.104775
1.008397
0.265188
0.908739
0.403557
0.754642
0.936217
1.389004
0.038368
1.219466
0.263870
0.638458
0.289489
0.457293
0.197298
0.729226
0.796633
1.013510
0.779548
0.379515
0.351971
0.811993
0.363982
1.392880
0.078456
1.079943
0.968348
1.056358
0.538473
1.225863
0.145610
0.980087
0.703178
0.486789
0.715373
0.733174
0.810826
0.530339
0.400103
1.055717
0.220789
1.010022
0.234655
1.220102
0.642964
1.297472
0.854312
1.288306
0.536276
0.291864
0.935355
1.065173
0.895681
1.216773
0.020584
1.015716
0.812922
0.478087
0.214634
1.678302
0.814550
1.315033
0.876345
0.638973
0.111869
0.711494
0.972612
1.661698
0.657786
0.842448
0.212539
0.945203
0.533650
0.821322
0.227735
0.648167
0.223345
0.810838
0.629040
1.253221
0.204066
0.964811
0.159844
0.862602
0.295929
1.004467
0.147473
1.215052
0.765993
1.423135
0.500709
0.760068
0.287340
1.740125
0.684661
1.546016
0.512639
0.737888
0.026959
0.813000
0.319429
1.298257
0.401852
0.315869
0.972251
0.634533
0.612719
1.097074
0.944748
1.445849
0.356816
1.387590
0.919152
1.488048
0.693919
0.282345
0.018161
0.900262
0.465638
1.025748
0.205705
1.729273
0.947018
1.610250
0.128623
1.006614
0.008653
1.282699
0.622852
1.190687
0.928880
1.277160
0.243268
1.075961
0.438640
0.791140
0.704345
1.114131
0.165508
0.837260
0.716175
1.504399
0.103615
1.379101
0.031294
1.003412
0.669465
1.819949
0.183722
1.244000
0.229185
1.200236
0.826079
1.576480
0.910726
0.912619
0.192327
0.647672
0.199752
0.253455
0.530914
0.391601
0.439002
0.735835
0.372710
0.846980
0.503185
0.864690
0.241265
0.472841
0.248341
1.219559
0.671858
1.608220
0.134985
0.768557
0.824664
1.129945
0.392317
1.651416
0.714142
0.584249
0.643265
1.431120
0.022666
0.307527
0.474012
0.857545
0.946032
0.098498
0.207303
0.778884
0.414016
1.101966
0.592587
0.878088
0.313496
1.480817
0.840628
1.704584
0.938090
0.546403
0.693220
1.197224
0.294261
1.221833
0.695591
0.643138
0.080383
1.588910
0.011186
1.304382
0.425580
0.547651
0.574403
0.641995
0.000543
1.618357
0.109780
0.737055
0.058019
1.659214
0.520471
1.464071
0.268298
0.553308
0.266456
1.296203
0.757279
1.289927
0.008343
0.853060
0.351551
1.163979
0.251336
1.174727
0.088947
0.672383
0.210110
0.688681
0.705339
1.729688
0.737619
1.158730
0.247669
1.082593
0.709824
0.326272
0.439526
1.213567
0.003208
0.092372
0.159052
1.070736
0.989364
1.542274
0.395941
0.800058
0.967524
0.843652
0.952405
1.133435
0.125796
1.288925
0.703648
0.963039
0.634386
1.592448
0.319583
0.471547
0.412428
0.812018
0.615637
1.525090
0.000476
1.751236
0.025428
0.766334
0.005662
1.425855
0.585023
0.635575
0.229129
0.561559
0.715760
0.985847
0.185619
1.737813
0.531455
0.916348
0.448875
0.959115
0.452330
1.083519
0.438637
0.190963
0.314800
0.786999
0.798644
0.607046
0.431364
1.259576
0.811609
0.761303
0.457637
1.781506
0.985426
0.818570
0.459730
1.794117
0.348411
1.585239
0.646520
0.652304
0.421014
1.811947
0.250082
0.531052
0.181311
1.043701
0.690256
1.221141
0.639556
0.212724
0.932612
1.278676
0.072240
1.662994
0.084778
0.669717
0.451155
1.059408
0.725654
1.669892
0.715133
0.951301
0.447429
0.168056
0.017644
1.136527
0.203698
0.507218
0.103604
1.183081
0.326887
1.472218
0.282115
0.487049
0.879879
1.509746
0.409888
0.857719
0.552017
1.513963
0.275982
0.999597
0.314496
1.173718
0.926710
0.860079
0.908939
0.222694
0.353003
0.431706
0.753127
0.990909
0.574203
0.146552
0.909768
0.881631
0.095207
1.075134
0.966994
1.721506
0.171366
0.227606
0.734942
0.359305
0.689860
0.763814
0.583740
0.763944
0.977019
1.170950
0.590967
0.758712
0.195841
0.258712
0.159017
0.386921
0.357966
0.503596
0.382779
0.253491
0.152231
1.251597
0.650404
1.521337
0.747959
0.853136
0.158120
0.379062
0.324715
1.000527
0.044660
1.216741
0.777171
0.655482
0.906852
0.291672
0.178067
1.623526
0.869839
1.073691
0.867047
0.981892
0.556849
1.260692
0.102805
0.512761
0.469255
0.796516
0.404217
0.717444
0.722009
1.270229
0.387176
0.985561
0.854178
1.596038
0.154541
1.457782
0.813363
1.509122
0.021442
0.554331
0.137663
1.279002
0.659347
1.234304
0.782461
0.451069
0.388309
0.669139
0.194417
1.312671
0.133002
1.006713
0.835625
1.719601
0.611552
1.096979
0.539891
0.490332
0.228386
0.591440
0.367144
0.935937
0.872002
1.064360
0.908601
0.456979
0.671758
1.495351
0.129027
1.105029
0.776669
0.806354
0.797102
0.541284
0.924931
0.328410
0.958414
0.877944
0.823955
1.629390
0.007122
1.453039
0.787936
1.103226
0.612628
1.046840
0.262927
0.765885
0.928226
0.938673
0.318043
0.421690
0.338670
0.269498
0.238229
1.140532
0.315919
1.028087
0.431465
0.064912
0.661208
1.357525
0.825699
1.738088
0.360901
1.286026
0.191530
1.485600
0.945075
0.876128
0.065981
0.810556
0.257343
1.174564
0.463382
0.857491
0.184936
0.059359
0.305538
1.430998
0.102567
0.639479
0.123956
0.893326
0.363057
0.681373
0.105124
1.173406
0.033877
0.548535
0.803269
1.610054
0.950467
1.254845
0.703461
1.728471
0.135040
0.359120
0.568609
1.259693
0.441539
0.907368
0.261352
1.204360
0.468338
1.064095
0.744582
0.954861
0.084912
1.739426
0.022051
0.751491
0.141323
1.126019
0.618944
0.702082
0.324475
1.192974
0.173945
1.523339
0.476684
1.135155
0.087883
1.089109
0.432353
1.415572
0.740865
1.493683
0.250093
1.461156
0.771696
1.025692
0.236020
1.091963
0.052946
0.581878
0.236599
1.075378
0.139840
1.069471
0.534577
0.302039
0.014013
0.421736
0.665674
0.570513
0.983466
0.753027
0.599332
1.281730
0.778593
0.197101
0.647837
1.127352
0.600014
0.494461
0.295397
0.719444
0.024560
1.263751
0.317412
0.428482
0.769324
0.889020
0.876684
0.676211
0.831514
1.149820
0.135647
1.002689
0.847096
1.012746
0.013366
0.489829
0.847949
0.893520
0.732080
0.967643
0.516908
1.263652
0.136418
1.016801
0.093837
0.676768
0.729482
1.541724
0.341210
1.073647
0.115685
1.356134
0.196396
1.057471
0.976423
0.923212
0.581836
1.605176
0.190935
0.970958
0.655129
0.898869
0.847780
1.150179
0.314802
0.974052
0.851237
0.441754
0.056725
1.009258
0.118348
1.226663
0.705932
1.315304
0.349193
0.185962
0.238091
0.474806
0.175300
0.764963
0.030385
1.802210
0.754492
1.740472
0.837823
1.800536
0.311356
0.673642
0.784245
1.047593
0.179415
0.555268
0.791689
1.470366
0.876820
1.364295
0.596665
1.139982
0.692387
0.692583
0.623446
1.421183
0.377581
1.113917
0.217527
0.692208
0.962037
1.568175
0.959724
1.557259
0.096064
1.436477
0.555485
0.291757
0.250655
1.652183
0.212996
1.399480
0.407198
1.377129
0.627237
0.610942
0.480697
0.783421
0.153941
0.526969
0.241523
1.739742
0.553285
0.848819
0.192878
1.083915
0.087423
1.491071
0.247938
0.994520
0.796524
0.741670
0.977128
0.848709
0.871167
0.493764
0.015316
1.478298
0.310428
0.875847
0.777537
1.774139
0.537527
1.145044
0.654485
1.111648
0.619937
1.325294
0.932540
1.531841
0.440474
1.372186
0.433017
0.767835
0.780671
0.804959
0.447513
1.408207
0.061561
1.486551
0.261672
1.048664
0.556233
0.967448
0.341152
1.074106
0.316017
0.986449
0.034972
1.308121
0.658736
0.480100
0.895161
1.048012
0.579765
1.514205
0.292938
1.572218
0.735106
0.414203
0.408530
1.582432
0.839302
1.347854
0.357105
0.705757
0.705289
0.722541
0.860784
0.997721
0.075175
0.650099
0.069764
1.022154
0.206754
1.496413
0.185653
0.364786
0.834312
1.090646
0.779471
0.692019
0.652911
0.598905
0.542730
1.572149
0.872323
1.928105
0.241262
1.194973
0.758531
1.007485
0.367098
1.170550
0.216544
1.388843
0.457512
0.591198
0.929437
1.096285
0.208368
0.170762
0.814592
0.078632
0.279391
0.541792
0.397821
1.747025
0.970302
1.153176
0.819614
0.459987
0.959245
1.276231
0.229621
0.798837
0.590029
0.923301
0.527009
1.266874
0.311193
1.553335
0.531515
0.975749
0.777674
1.285950
0.799420
1.633079
0.535159
1.412127
0.273630
1.066429
0.459116
1.254405
0.262906
1.366622
0.693100
0.507727
0.463273
0.967378
0.197306
1.834961
0.286617
1.577168
0.974611
0.834798
0.410935
0.981951
0.510774
1.629855
0.108936
1.149816
0.285543
0.775467
0.387936
1.575005
0.168176
1.036762
0.540645
0.791825
0.740100
0.914531
0.652452
0.184311
0.255578
1.301421
0.525958
0.978052
0.915577
0.863830
0.946284
1.003216
0.378076
1.487974
0.808085
0.982161
0.708949
1.060620
0.072870
0.853075
0.597564
0.816485
0.746219
1.596820
0.052716
1.964310
0.045420
0.536957
0.324789
0.475091
0.528537
0.918545
0.973666
0.645424
0.100582
1.073130
0.585048
1.152936
0.927461
1.973242
0.252033
1.276631
0.812439
0.858177
0.775352
0.573991
0.839361
1.354403
0.331436
1.291581
0.263779
0.978992
0.302495
0.410052
0.708525
1.170691
0.131533
1.201982
0.281950
0.138502
0.042127
1.242680
0.302459
1.328410
0.042833
0.372526
0.788625
0.246561
0.147911
1.177512
0.508696
1.457222
0.720522
0.586672
0.053964
0.155865
0.016700
1.296739
0.323534
1.319423
0.226172
0.687777
0.215047
0.468875
0.163957
0.892046
0.958204
0.991607
0.111391
0.846552
0.562482
0.840629
0.161937
1.383813
0.911120
0.989130
0.870366
0.237501
0.353239
0.965565
0.685000
0.833052
0.704150
1.137471
0.399811
1.943189
0.744098
1.447509
0.481369
0.783994
0.291213
0.691359
0.768162
0.368393
0.939875
1.263473
0.363124
0.335353
0.331174
1.613800
0.593136
1.030511
0.106054
0.830691
0.674569
1.945694
0.878117
0.773641
0.191561
0.899117
0.069714
1.189149
0.234723
1.066008
0.614401
0.504418
0.246637
0.897462
0.224912
1.839596
0.422812
1.166192
0.429719
1.568487
0.366978
1.189407
0.121166
1.225418
0.533419
1.069605
0.752567
1.354560
0.208826
0.785634
0.688165
0.444196
0.212038
1.053661
0.191109
0.821122
0.074001
1.189946
0.524779
0.609254
0.233948
1.192531
0.691509
1.886054
0.461500
0.483738
0.629625
1.102303
0.865777
0.540305
0.031659
0.720633
0.762206
0.587813
0.474058
1.053188
0.324726
0.710754
0.112573
1.490642
0.017852
1.371213
0.917938
1.272854
0.656923
1.529183
0.719012
1.275461
0.065324
1.307585
0.946955
0.519068
0.664586
1.065074
0.622145
0.991227
0.455130
0.660540
0.059345
0.873050
0.749171
0.873034
0.452956
1.467681
0.294164
0.298779
0.830991
1.008376
0.246955
1.141835
0.005199
0.969425
0.698933
1.591674
0.573182
0.796899
0.987560
1.231052
0.078490
1.331449
0.457543
0.902305
0.321505
1.352571
0.927284
1.370043
0.680812
0.772557
0.743225
0.454430
0.216386
0.842707
0.491965
1.214917
0.169234
1.569884
0.619714
1.856528
0.683449
1.120412
0.756266
0.980294
0.893894
1.453942
0.162236
1.332150
0.567413
0.641946
0.021584
0.820649
0.830288
1.267595
0.129819
1.204489
0.432323
0.612590
0.848138
1.367699
0.903246
0.444634
0.397333
1.408850
0.924966
0.970673
0.253704
0.221359
0.226895
0.890708
0.687862
0.290168
0.826114
0.983027
0.561201
0.880731
0.376930
1.304192
0.128115
0.792090
0.000706
1.254040
0.417088
0.982385
0.091957
0.780517
0.797611
1.523731
0.764663
0.623842
0.143220
1.310461
0.509698
0.932226
0.294273
0.985873
0.796554
0.763031
0.827521
1.777104
0.760187
1.257096
0.029003
0.975190
0.808082
1.070832
0.193764
1.174914
0.230081
0.865628
0.799287
1.415173
0.722693
1.359697
0.256513
0.486392
0.525432
1.128933
0.768293
0.924475
0.235525
0.956965
0.377472
0.740303
0.764993
0.696185
0.506195
0.389008
0.319959
1.355573
0.636712
0.755316
0.417784
0.902655
0.923693
0.921669
0.532309
1.498288
0.289256
0.571583
0.195284
1.320008
0.600477
1.850802
0.748254
0.881874
0.958260
0.923154
0.257751
0.743565
0.328368
1.201340
0.614699
1.674413
0.650427
1.803915
0.937030
1.084696
0.355384
0.561580
0.187022
0.633887
0.044931
0.824009
0.299403
1.111897
0.408018
0.511164
0.753959
1.331058
0.546697
0.733824
0.461609
0.838225
0.274843
1.382495
0.434025
1.086104
0.444948
1.525989
0.211921
0.992060
0.090555
1.487169
0.119474
0.915070
0.454202
1.065708
0.296285
1.303931
0.650305
0.117322
0.062668
1.070903
0.768613
1.232502
0.610690
1.301718
0.484657
1.149889
0.812456
0.536959
0.293656
0.772409
0.591328
0.402700
0.568707
0.957338
0.834199
0.741804
0.234173
1.428210
0.015048
1.045813
0.426949
0.343241
0.886524
0.686242
0.794335
1.155783
0.603804
0.799807
0.125247
1.763332
0.842507
0.638938
0.333837
1.270429
0.329425
1.604964
0.559517
1.441820
0.326563
0.747119
0.190373
1.300739
0.327528
1.419463
0.087115
1.341842
0.713453
0.053592
0.120082
0.845682
0.395497
1.160896
0.197191
0.924810
0.703501
1.538527
0.423618
1.439197
0.285071
0.576107
0.425314
0.440575
0.590619
0.896758
0.235957
0.791663
0.826997
0.610657
0.567750
0.819194
0.014801
0.603544
0.343810
0.818446
0.507916
0.934298
0.009626
0.672241
0.610987
1.157890
0.840284
1.145679
0.837245
1.096464
0.052391
0.743437
0.432008
1.281428
0.694546
0.607162
0.088659
0.233977
0.708645
1.018162
0.465741
0.472601
0.480631
1.291182
0.709840
1.485101
0.904188
1.165618
0.240485
1.047046
0.030206
0.256359
0.922482
0.848277
0.480874
1.897373
0.925156
0.658427
0.762308
1.195812
0.890721
1.029288
0.845649
0.217240
0.398833
0.450206
0.759834
1.230222
0.431845
1.226163
0.680736
1.465226
0.381537
0.155525
0.337920
0.844635
0.181877
0.051077
0.914173
0.426667
0.397776
0.899656
0.293486
1.565259
0.055006
1.373793
0.417574
1.140745
0.609359
1.890235
0.088656
0.446453
0.409322
0.621555
0.354126
1.388403
0.546547
1.749546
0.668498
1.288869
0.902811
0.779631
0.700801
0.429656
0.154193
0.500288
0.621402
0.544107
0.632828
1.341173
0.223163
1.508565
0.369267
0.647508
0.397809
1.061889
0.378523
0.700329
0.021396
0.565073
0.802954
0.842795
0.080279
1.168187
0.743265
1.666489
0.800020
0.905425
0.087284
0.692145
0.520988
1.685224
0.188837
1.189068
0.147220
1.335996
0.015240
0.470049
0.736083
1.287974
0.638910
0.884706
0.947603
0.643104
0.527795
0.568763
0.783591
1.920722
0.712412
1.042293
0.295446
1.120491
0.372745
0.515032
0.013946
1.241032
0.723517
0.762905
0.215867
1.449669
0.515271
1.091306
0.531680
0.515382
0.667865
1.067034
0.022435
0.669176
0.097864
0.615817
0.895031
1.383212
0.126137
0.631672
0.556451
0.157388
0.221661
1.123925
0.618849
1.284147
0.095824
0.368284
0.014685
0.625988
0.204221
0.323610
0.109631
0.953567
0.845473
0.979697
0.003141
0.698447
0.541551
1.138543
0.486102
1.029039
0.076733
0.791604
0.221158
0.629346
0.231071
0.865332
0.417348
0.839291
0.249896
0.917781
0.817683
0.837072
0.982619
0.988354
0.431558
0.558938
0.663884
1.484752
0.964456
0.505948
0.232002
1.185579
0.077480
1.239547
0.266943
0.665038
0.715306
1.141785
0.514231
1.112434
0.930240
1.048205
0.968123
1.411745
0.857468
0.217575
0.624639
1.440940
0.777033
0.073471
0.227908
1.071816
0.668157
0.823526
0.535956
0.594374
0.025074
1.053516
0.636050
1.419293
0.329074
1.536702
0.718213
1.151078
0.972802
0.739932
0.295233
1.107314
0.240287
0.922021
0.592844
0.860356
0.856215
1.103380
0.842245
1.157103
0.590768
0.434012
0.890583
1.667613
0.466189
0.825518
0.011274
0.976374
0.993081
0.613728
0.144547
0.204605
0.573000
0.908274
0.351845
1.529177
0.047586
1.189764
0.492458
1.760203
0.399271
1.130616
0.073670
0.728857
0.315474
1.112697
0.960152
0.993936
0.671475
0.971718
0.432625
1.446145
0.246557
1.157396
0.273350
1.370285
0.085587
0.242424
0.862616
0.404098
0.435183
1.033447
0.735202
1.335165
0.052708
0.915332
0.411847
1.623949
0.613460
1.284230
0.603861
1.248879
0.512816
1.224137
0.387872
1.376578
0.953395
0.906988
0.290531
0.438514
0.023762
1.264181
0.921206
0.628679
0.178042
1.203380
0.586516
0.570683
0.623507
0.486144
0.394767
1.182596
0.219923
0.547214
0.199701
1.077157
0.657308
1.237586
0.476383
0.767605
0.244518
1.267362
0.515565
1.069438
0.227733
0.772951
0.433419
1.624004
0.037709
0.401207
0.139456
1.257638
0.699756
0.551417
0.873031
0.948112
0.023115
1.487262
0.174570
1.080055
0.284079
0.742301
0.813088
1.221638
0.002886
0.230550
0.552128
1.190990
0.669027
0.970080
0.802844
1.485565
0.525477
1.064686
0.487137
0.873566
0.870593
1.172396
0.122617
0.659981
0.394194
1.214166
0.171768
1.039000
0.521336
0.707033
0.884814
0.560430
0.650648
0.248124
0.557168
1.336763
0.339841
0.573900
0.257272
1.239426
0.268608
1.038163
0.062756
0.865263
0.422220
1.215307
0.706482
1.074455
0.573189
0.625273
0.040351
0.938311
0.801633
0.901556
0.315482
1.294461
0.286416
0.373637
0.104151
1.459635
0.969658
1.509545
0.899949
0.506410
0.378392
1.022239
0.932104
1.532673
0.831175
0.939300
0.072197
1.089360
0.811172
1.623107
0.060848
0.472199
0.482586
1.089182
0.825826
1.059891
0.268105
0.823170
0.620783
1.385905
0.063484
0.734297
0.229602
0.535068
0.084575
1.101518
0.843128
0.501644
0.672886
1.206961
0.622495
1.593529
0.023092
0.734684
0.747788
0.907106
0.751343
1.927898
0.023813
0.130106
0.643327
0.740267
0.375602
0.860657
0.312316
1.482010
0.084343
0.932846
0.576020
1.075118
0.940974
0.827397
0.541594
1.238668
0.523282
0.840404
0.672793
0.701460
0.357345
0.766542
0.985655
0.674470
0.894208
0.647661
0.346103
1.081112
0.775887
1.296875
0.011150
1.417320
0.347634
0.721469
0.484287
0.910453
0.819343
1.316292
0.809782
1.578986
0.545649
1.065969
0.981173
0.935888
0.897370
0.983061
0.810876
0.601462
0.514111
1.177334
0.498102
1.157475
0.413459
0.345684
0.467089
0.939967
0.049870
0.935531
0.069701
1.755172
0.241537
0.928003
0.820072
0.545106
0.462536
1.293220
0.637616
0.329158
0.523934
1.265338
0.397967
0.451597
0.302992
0.851572
0.991565
0.572866
0.129624
1.235212
0.533896
1.280312
0.886297
1.480984
0.789073
0.887995
0.635680
0.337676
0.050848
0.835323
0.216039
0.934137
0.227343
0.797673
0.281651
1.122210
0.222660
0.920936
0.207005
1.628948
0.004203
0.948967
0.057161
0.781539
0.920904
0.598792
0.115375
0.687264
0.254680
1.236015
0.511475
1.086011
0.596892
1.646989
0.932904
1.737081
0.683821
1.317973
0.722172
1.492068
0.405533
1.300926
0.499224
1.617529
0.909817
0.711526
0.569658
0.321976
0.805966
1.709316
0.474482
0.834280
0.879479
1.500937
0.503487
1.153746
0.059119
0.988270
0.149309
0.371372
0.856863
0.906939
0.244590
0.643626
0.634364
0.898272
0.333937
0.480564
0.718370
1.036924
0.914712
1.104708
0.084538
0.766019
0.854358
1.004194
0.446899
0.829231
0.409236
0.785645
0.294328
0.780711
0.996874
1.556925
0.586029
1.437842
0.716539
1.275648
0.628785
0.518067
0.851162
0.492425
0.101288
1.500074
0.062917
0.911369
0.263066
1.245450
0.126164
1.687377
0.483937
0.413409
0.980266
0.610605
0.694246
0.637603
0.364374
1.309132
0.618664
1.657767
0.564615
0.866508
0.236879
0.450664
0.851528
0.410700
0.975093
1.491301
0.975670
1.234326
0.573973
1.153672
0.943163
0.965836
0.891815
0.699840
0.910503
0.431494
0.306573
0.668525
0.434539
0.903197
0.873826
1.214487
0.567003
0.660388
0.586006
0.608492
0.793532
0.776344
0.863526
0.915807
0.616641
1.844625
0.797623
0.313477
0.017495
1.533116
0.604387
0.912207
0.936187
0.834559
0.994965
0.839859
0.875021
1.212391
0.476764
0.605981
0.041512
0.855754
0.865824
0.954618
0.672813
1.051840
0.719879
1.104655
0.775685
0.948909
0.152645
0.586815
0.371978
1.614955
0.648615
1.632273
0.712778
1.107865
0.056698
1.191432
0.313654
0.040243
0.752019
1.217302
0.216256
0.667256
0.097476
0.866021
0.890495
0.857305
0.441572
0.383587
0.219106
1.008756
0.359060
0.678029
0.431436
0.889701
0.467324
1.394739
0.263701
0.413659
0.867016
1.588141
0.611832
0.350025
0.409166
0.836026
0.284358
1.547495
0.135581
0.883149
0.921415
1.139210
0.418225
0.754246
0.471142
0.381260
0.573852
0.281352
0.022558
0.670811
0.918148
0.262502
0.387548
1.369053
0.873463
0.885023
0.184437
0.786279
0.302244
1.057973
0.380739
1.066133
0.201424
0.364255
0.599501
1.173355
0.826203
0.933907
0.679773
1.290116
0.728138
1.260688
0.667640
1.485120
0.787668
0.911676
0.127515
0.451936
0.062023
1.214445
0.642632
0.648009
0.924327
1.286687
0.465410
0.350884
0.246491
1.020253
0.037181
1.708863
0.421183
1.541954
0.482094
1.421755
0.379523
0.227798
0.639183
1.054501
0.284146
0.917166
0.593044
1.782639
0.830396
1.621241
0.670586
0.784195
0.264961
1.387523
0.801934
0.472630
0.948663
0.791459
0.881631
0.317132
0.868182
1.376558
0.643911
0.775067
0.907664
0.920134
0.692102
1.627081
0.719992
1.226043
0.828591
1.480636
0.492105
0.738835
0.601599
1.009293
0.835421
1.410338
0.313282
1.174585
0.286190
1.777487
0.329834
0.985180
0.779700
1.180042
0.634763
0.512413
0.182128
1.284330
0.267100
0.356028
0.494960
1.390095
0.416279
0.731656
0.831016
0.841611
0.297596
0.287971
0.255588
1.575938
0.057559
0.256907
0.821775
0.112290
0.557938
0.244294
0.461436
1.738855
0.308741
0.719940
0.718709
0.316912
0.877061
0.226250
0.293708
0.374267
0.850318
1.263048
0.558042
0.876949
0.891291
0.521605
0.725613
0.264796
0.920345
0.813165
0.071570
1.603991
0.985999
0.360986
0.528148
1.009440
0.144500
0.753101
0.836297
1.546110
0.763894
0.569822
0.017418
1.461624
0.121382
0.769770
0.172689
0.300271
0.981137
0.947679
0.327143
1.359394
0.291296
0.301778
0.749840
1.368915
0.980106
1.000764
0.246254
1.302922
0.225073
0.958351
0.744280
1.281866
0.925035
0.486881
0.064211
1.079328
0.060765
1.293705
0.890712
1.195156
0.273780
1.388376
0.854680
0.967424
0.315731
0.537525
0.150432
0.860895
0.028807
0.420663
0.142585
0.651874
0.949473
0.854140
0.269908
1.254691
0.665872
0.584274
0.382972
1.299008
0.399652
1.308798
0.111783
0.766141
0.564273
0.940465
0.004665
1.864346
0.613756
1.677987
0.262455
1.355679
0.084671
0.916522
0.442467
1.008466
0.127002
0.630989
0.469203
0.412850
0.970953
1.715951
0.295113
1.838625
0.574703
1.629692
0.229406
1.079563
0.710959
0.935147
0.263547
1.386095
0.873129
0.971667
0.405504
0.752264
0.621692
1.268880
0.766681
1.167059
0.005910
0.413859
0.838093
1.098445
0.158392
1.124418
0.279183
0.964801
0.085772
0.985919
0.450535
0.939958
0.986592
1.742305
0.501637
0.602204
0.432914
1.013869
0.217229
1.195680
0.623370
1.700113
0.220560
0.361196
0.051875
1.300017
0.419959
0.981187
0.885145
0.546605
0.378374
1.705617
0.527681
0.827205
0.929446
0.673347
0.424892
1.100820
0.528142
1.531801
0.059740
0.562125
0.414731
1.186124
0.220731
1.285763
0.300553
1.238627
0.218177
0.720767
0.395043
1.520374
0.611766
0.605296
0.666039
1.445705
0.166563
0.786771
0.459416
1.561316
0.137798
0.717603
0.148813
0.633575
0.182334
1.091991
0.533403
0.542481
0.370860
0.321977
0.279871
1.209112
0.807356
0.294498
0.059882
1.144598
0.476723
1.261566
0.915816
1.090676
0.742343
0.951273
0.722193
0.513968
0.935538
0.345362
0.710996
1.180193
0.860787
1.705791
0.598464
0.193535
0.958211
1.574749
0.656993
1.371512
0.200390
1.597664
0.720543
0.671718
0.801988
1.384474
0.038221
0.930343
0.222901
1.641042
0.548498
1.403261
0.692403
0.730132
0.290524
1.239645
0.000616
1.134655
0.519809
0.699037
0.574722
1.447723
0.782063
0.516914
0.682573
1.057401
0.269651
1.699835
0.320155
0.922129
0.471429
0.573637
0.483995
0.197008
0.944221
0.844543
0.819174
0.733121
0.026498
1.315271
0.975460
1.185254
0.155410
0.682731
0.796440
0.354114
0.578797
0.802707
0.702925
0.713742
0.503562
0.488824
0.552579
1.503049
0.941806
1.205414
0.962702
0.280490
0.906213
1.296332
0.888159
1.437479
0.867760
1.100433
0.643556
0.364949
0.988542
1.010975
0.681891
0.743894
0.923999
1.427665
0.636634
0.547662
0.072885
1.206545
0.278415
0.574174
0.926463
1.286878
0.554093
1.259772
0.318608
0.084254
0.580818
1.129014
0.612296
0.640449
0.868502
1.733164
0.994826
1.175671
0.253304
0.599182
0.288178
1.592056
0.070964
0.774478
0.653914
0.624804
0.672612
1.024458
0.179428
0.581768
0.527402
1.511544
0.362895
1.411667
0.222176
1.306318
0.351158
0.774746
0.012674
1.478283
0.206189
1.780121
0.216034
0.559171
0.771939
0.742733
0.023163
1.207626
0.324454
0.548885
0.831920
0.240060
0.343972
0.961845
0.147135
0.376557
0.618660
1.066819
0.565424
0.567520
0.093380
0.753247
0.106257
0.933311
0.075309
1.884570
0.303076
0.737354
0.443930
0.594759
0.112399
1.675449
0.951481
1.082660
0.572346
1.519995
0.469461
1.357987
0.949246
0.030985
0.789724
1.024584
0.018095
1.201874
0.717595
0.883086
0.770469
1.283005
0.173993
0.985195
0.922721
0.804247
0.584098
1.501244
0.479202
0.826825
0.958101
1.337922
0.511773
0.667590
0.845116
0.674948
0.488792
1.000320
0.747227
1.079073
0.669515
0.315742
0.015524
1.281683
0.004360
1.726113
0.834539
1.284968
0.226953
0.647749
0.868190
1.044637
0.255461
0.022457
0.601579
0.943730
0.250084
0.790315
0.764796
1.529490
0.656519
1.222674
0.649366
1.713689
0.047151
1.863730
0.048093
0.575878
0.661232
0.569053
0.720986
1.504975
0.713644
0.715119
0.370274
0.274389
0.521000
0.688217
0.649485
0.743321
0.768270
1.428339
0.631118
0.412266
0.176393
1.452541
0.405036
0.987130
0.147678
1.115072
0.102141
1.167886
0.823928
1.266920
0.417816
0.356133
0.835269
0.468835
0.666325
1.601455
0.548521
1.693654
0.402966
0.622881
0.713675
0.884411
0.514073
0.776958
0.675935
0.905164
0.072658
1.187763
0.763485
0.804124
0.404647
1.225696
0.446951
1.756642
0.621171
0.735406
0.648320
0.313056
0.082495
1.258825
0.822083
1.746922
0.293270
0.859424
0.414300
1.305512
0.310035
1.529101
0.771717
0.999791
0.657804
1.033860
0.476617
1.027631
0.468015
0.607640
0.280722
0.758832
0.301739
1.346786
0.164492
1.009513
0.876405
0.879635
0.985943
0.684758
0.845878
1.272367
0.647143
0.996765
0.387303
1.073282
0.368871
0.912627
0.577606
1.128747
0.990077
1.083107
0.228735
0.729281
0.286554
0.990856
0.324361
1.426430
0.226686
0.700650
0.535683
1.186568
0.082015
1.234784
0.396797
0.788593
0.883445
0.365534
0.066485
0.679896
0.323573
1.133404
0.993577
0.839700
0.276931
1.646865
0.198016
0.997198
0.640299
0.976747
0.254141
0.561554
0.959718
0.275968
0.445282
1.148096
0.761904
1.172270
0.805108
1.057783
0.742324
1.834991
0.926263
0.786932
0.904148
0.761946
0.501394
0.756987
0.704949
0.637546
0.122262
1.803252
0.731267
1.176022
0.372100
0.732837
0.425387
0.406413
0.124884
0.947243
0.435155
1.123870
0.549493
0.652104
0.028835
0.555771
0.751532
0.518063
0.659634
0.050908
0.290301
0.861846
0.150654
0.342876
0.476053
1.215778
0.507418
0.904669
0.975086
0.315275
0.130396
1.036947
0.039786
1.064147
0.865192
0.886647
0.021491
1.043327
0.078230
1.001965
0.924070
0.896980
0.244142
0.707628
0.558668
0.912213
0.515780
1.126558
0.568451
0.688628
0.319622
0.930250
0.863448
1.454935
0.398840
0.818871
0.713192
1.711732
0.274701
1.009931
0.042551
1.080764
0.777880
0.460228
0.029144
1.128741
0.355019
0.908346
0.829431
0.388415
0.164077
1.428450
0.617557
1.726861
0.548377
1.316555
0.410877
0.338016
0.341485
0.905717
0.632038
1.706453
0.684174
0.719129
0.612412
1.518364
0.021774
1.293089
0.598634
0.678600
0.499527
1.648342
0.505276
0.945921
0.150355
0.999783
0.949311
1.402935
0.346061
1.105562
0.340643
1.097379
0.182019
0.782401
0.877082
1.304272
0.790553
0.582841
0.552801
0.845746
0.020420
1.455279
0.296767
1.246043
0.229973
1.171916
0.639268
1.754319
0.724983
1.204004
0.468118
1.237344
0.195205
1.302506
0.651857
1.123438
0.057071
0.995846
0.191708
1.418345
0.995528
1.627092
0.934228
1.115293
0.860110
0.589504
0.587624
1.369728
0.505634
0.688325
0.838490
1.725328
0.918705
0.359811
0.717000
1.244621
0.844028
1.125579
0.449719
0.747297
0.861427
1.087108
0.938691
0.676205
0.366357
0.806662
0.744710
0.763822
0.903360
1.394187
0.595868
0.772783
0.830311
0.498183
0.483615
0.934902
0.354362
1.087146
0.452875
1.556610
0.788686
0.557473
0.770778
0.870949
0.474289
0.364655
0.276560
0.616925
0.307594
1.178110
0.383827
0.874440
0.204678
0.688795
0.956316
1.221785
0.107816
1.156992
0.625345
0.652366
0.445847
0.892198
0.474613
1.611485
0.408052
